url,information,date_time
https://www.fincaraiz.com.co//apartamento-en-arriendo-en-gran-america-bogota/192796645,"{'title': 'Apartamento en Arriendo en Gran america, Bogotá', 'pricing': '$ 1.240.000', 'bedrooms': '1 Hab.', 'bathrooms': '1 |  Baño', 'area': '21 |   | m²', 'location': 'Puente aranda | Panamericano', 'details': [{'Tipo de Inmueble': 'Apartamento'}, {'Estado': 'Excelente estado'}, {'Baños': '1'}, {'Área Construida': '21 m2'}, {'Antigüedad': '1 a 8 años'}, {'Habitaciones': '1'}, {'Parqueaderos': '¡Pregúntale!'}, {'Área Privada': '21 m2'}, {'Estrato': '4'}, {'Administración': '$ 210.000'}, {'Piso N°': '¡Pregúntale!'}, {'Cantidad de pisos': '¡Pregúntale!'}, {'Acepta mascotas': '¡Pregúntale!'}, {'Contrato Mínimo': '¡Pregúntale!'}, {'Documentación requerida': '¡Pregúntale!'}]}",2025-10-28 18:06:15.824473+00:00
https://www.fincaraiz.com.co//apartamento-en-arriendo-en-cedritos-bogota/193033835,"{'title': 'Apartamento en Arriendo en Cedritos, Bogotá', 'pricing': '$ 4.000.000', 'bedrooms': '3 Habs.', 'bathrooms': '2 |  Baño | s', 'area': '92 |   | m²', 'location': 'Usaquen | Belmira', 'details': [{'Tipo de Inmueble': 'Apartamento'}, {'Estado': 'Usado'}, {'Baños': '2'}, {'Antigüedad': '1 a 8 años'}, {'Habitaciones': '3'}, {'Parqueaderos': '2'}, {'Cantidad de Ambientes': '¡Pregúntale!'}, {'Área Construida': '92 m2'}, {'Área Privada': '92 m2'}, {'Estrato': '4'}, {'Administración': '$ 700.000'}, {'Piso N°': '17'}, {'Cantidad de Pisos': '1'}, {'Acepta mascotas': '¡Pregúntale!'}, {'Contrato Mínimo': '¡Pregúntale!'}, {'Documentación requerida': '¡Pregúntale!'}]}",2025-10-28 18:06:15.837197+00:00
https://www.fincaraiz.com.co//apartamento-en-arriendo-en-san-jose-de-bavaria-bogota/192879263,"{'title': 'Apartamento en Arriendo en San jose de bavaria, Bogotá', 'pricing': '$ 2.700.000', 'bedrooms': '1 Hab.', 'bathrooms': '2 |  Baño | s', 'area': '65 |   | m²', 'location': 'Suba | San jose de bavaria', 'details': [{'Tipo de Inmueble': 'Apartamento'}, {'Estado': 'Usado'}, {'Baños': '2'}, {'Antigüedad': 'menor a 1 año'}, {'Habitaciones': '1'}, {'Parqueaderos': '¡Pregúntale!'}, {'Cantidad de Ambientes': '1'}, {'Área Construida': '¡Pregúntale!'}, {'Área Privada': '65 m2'}, {'Estrato': '5'}, {'Administración': '$ 854.400'}, {'Piso N°': '¡Pregúntale!'}, {'Cantidad de Pisos': '1'}, {'Cantidad de pisos': '¡Pregúntale!'}, {'Acepta mascotas': '¡Pregúntale!'}, {'Contrato Mínimo': '¡Pregúntale!'}, {'Documentación requerida': '¡Pregúntale!'}]}",2025-10-28 18:06:15.850295+00:00
https://www.fincaraiz.com.co//apartamento-en-arriendo-en-verbenal-san-antonio-bogota/192992890,"{'title': 'Apartamento en Arriendo en Verbenal san antonio, Bogotá', 'pricing': '$ 1.500.000', 'bedrooms': '2 Habs.', 'bathrooms': '1 |  Baño', 'area': '40 |   | m²', 'location': 'Usaquen | Verbenal san antonio', 'details': [{'Tipo de Inmueble': 'Apartamento'}, {'Estado': 'Usado'}, {'Baños': '1'}, {'Antigüedad': 'menor a 1 año'}, {'Habitaciones': '2'}, {'Parqueaderos': '¡Pregúntale!'}, {'Cantidad de Ambientes': '2'}, {'Área Construida': '¡Pregúntale!'}, {'Área Privada': '35 m2'}, {'Estrato': '4'}, {'Administración': '¡Pregúntale!'}, {'Piso N°': '¡Pregúntale!'}, {'Cantidad de Pisos': '1'}, {'Cantidad de pisos': '¡Pregúntale!'}, {'Acepta mascotas': '¡Pregúntale!'}, {'Contrato Mínimo': '¡Pregúntale!'}, {'Documentación requerida': '¡Pregúntale!'}]}",2025-10-28 18:06:15.867654+00:00
https://www.fincaraiz.com.co//apartamento-en-arriendo-en-ciudad-salitre-bogota/192947551,"{'title': 'Apartamento en Arriendo en Ciudad salitre, Bogotá', 'pricing': '$ 2.000.000', 'bedrooms': '1 Hab.', 'bathrooms': '1 |  Baño', 'area': '28 |   | m²', 'location': 'La esperanza norte', 'details': [{'Tipo de Inmueble': 'Apartamento'}, {'Estado': 'Nuevo'}, {'Baños': '1'}, {'Antigüedad': 'menor a 1 año'}, {'Habitaciones': '1'}, {'Parqueaderos': '¡Pregúntale!'}, {'Cantidad de Ambientes': '1'}, {'Área Construida': '¡Pregúntale!'}, {'Área Privada': '28 m2'}, {'Estrato': '5'}, {'Administración': '¡Pregúntale!'}, {'Piso N°': '¡Pregúntale!'}, {'Cantidad de Pisos': '1'}, {'Acepta mascotas': '¡Pregúntale!'}, {'Contrato Mínimo': '¡Pregúntale!'}, {'Documentación requerida': '¡Pregúntale!'}]}",2025-10-28 18:06:15.936209+00:00
https://www.fincaraiz.com.co//apartamento-en-arriendo-en-zona-centro-bogota/10810427,"{'title': 'Apartamento en arriendo en Zona centro, Bogotá', 'pricing': '$ 2.350.000', 'bedrooms': '1 Hab.', 'bathrooms': '1 |  Baño', 'area': '35 |   | m²', 'location': 'Las nieves', 'details': [{'Tipo de Inmueble': 'Apartamento'}, {'Estado': '¡Pregúntale!'}, {'Baños': '1'}, {'Antigüedad': '1 a 8 años'}, {'Habitaciones': '1'}, {'Parqueaderos': '1'}, {'Cantidad de Ambientes': '1'}, {'Área Construida': '¡Pregúntale!'}, {'Área Privada': '35 m2'}, {'Estrato': '3'}, {'Administración': '¡Pregúntale!'}, {'Piso N°': '9'}, {'Cantidad de Pisos': '1'}, {'Acepta mascotas': '¡Pregúntale!'}, {'Contrato Mínimo': '¡Pregúntale!'}, {'Documentación requerida': '¡Pregúntale!'}]}",2025-10-28 18:06:15.945730+00:00
https://www.fincaraiz.com.co//casa-en-arriendo-en-teusaquillo-bogota/192800999,"{'title': 'Casa en Arriendo en Teusaquillo, Bogotá', 'pricing': '$ 16.000.000', 'bedrooms': '8 Habs.', 'bathrooms': '5 |  Baño | s', 'area': '528 |   | m²', 'location': 'Teusaquillo | Armenia', 'details': [{'Tipo de Inmueble': 'Casa'}, {'Estado': 'Usado'}, {'Baños': '5'}, {'Área Construida': '528 m2'}, {'Antigüedad': 'más de 30 años'}, {'Habitaciones': '8'}, {'Parqueaderos': '2'}, {'Área Privada': '308 m2'}, {'Estrato': '3'}, {'Acepta mascotas': '¡Pregúntale!'}, {'Contrato Mínimo': '¡Pregúntale!'}, {'Documentación requerida': '¡Pregúntale!'}]}",2025-10-28 18:06:15.977280+00:00
https://www.fincaraiz.com.co//apartamento-en-arriendo-en-la-soledad-bogota/192707202,"{'title': 'Apartamento en Arriendo en La soledad, Bogotá', 'pricing': '$ 3.500.000', 'bedrooms': '3 Habs.', 'bathrooms': '3 |  Baño | s', 'area': '110 |   | m²', 'location': 'Teusaquillo | La soledad', 'details': [{'Tipo de Inmueble': 'Apartamento'}, {'Estado': 'Excelente estado'}, {'Baños': '3'}, {'Área Construida': '110 m2'}, {'Antigüedad': 'menor a 1 año'}, {'Habitaciones': '3'}, {'Parqueaderos': '1'}, {'Área Privada': '110 m2'}, {'Estrato': '4'}, {'Administración': '$ 160.000'}, {'Piso N°': '2'}, {'Cantidad de pisos': '¡Pregúntale!'}, {'Acepta mascotas': '¡Pregúntale!'}, {'Contrato Mínimo': '¡Pregúntale!'}, {'Documentación requerida': '¡Pregúntale!'}]}",2025-10-28 18:06:16.026892+00:00
https://www.fincaraiz.com.co//apartaestudio-en-arriendo-en-quinta-paredes-bogota/192996787,"{'title': 'Apartaestudio en Arriendo en Quinta paredes, Bogotá', 'pricing': '$ 2.200.000', 'bedrooms': '1 Hab.', 'bathrooms': '1 |  Baño', 'area': '30 |   | m²', 'location': 'Teusaquillo | Quinta paredes', 'details': [{'Tipo de Inmueble': 'Apartaestudio'}, {'Estado': 'Usado'}, {'Baños': '1'}, {'Antigüedad': '1 a 8 años'}, {'Habitaciones': '1'}, {'Parqueaderos': '¡Pregúntale!'}, {'Cantidad de Ambientes': '¡Pregúntale!'}, {'Área Construida': '¡Pregúntale!'}, {'Área Privada': '26 m2'}, {'Estrato': '4'}, {'Administración': '¡Pregúntale!'}, {'Piso N°': '4'}, {'Cantidad de Pisos': '1'}, {'Acepta mascotas': '¡Pregúntale!'}, {'Contrato Mínimo': '¡Pregúntale!'}, {'Documentación requerida': '¡Pregúntale!'}]}",2025-10-28 18:06:16.046374+00:00
https://www.fincaraiz.com.co//apartamento-en-arriendo-en-la-calleja-bogota/192966099,"{'title': 'Apartamento en Arriendo en La Calleja, Bogotá', 'pricing': '$ 3.400.000', 'bedrooms': '2 Habs.', 'bathrooms': '3 |  Baño | s', 'area': '74 |   | m²', 'location': 'Usaquen | Cr. el bosque', 'details': [{'Tipo de Inmueble': 'Apartamento'}, {'Estado': 'Usado'}, {'Baños': '3'}, {'Antigüedad': 'más de 30 años'}, {'Habitaciones': '2'}, {'Parqueaderos': '¡Pregúntale!'}, {'Cantidad de Ambientes': '2'}, {'Área Construida': '¡Pregúntale!'}, {'Área Privada': '74 m2'}, {'Estrato': '5'}, {'Administración': '¡Pregúntale!'}, {'Piso N°': '¡Pregúntale!'}, {'Cantidad de Pisos': '1'}, {'Cantidad de pisos': '¡Pregúntale!'}, {'Acepta mascotas': '¡Pregúntale!'}, {'Contrato Mínimo': '¡Pregúntale!'}, {'Documentación requerida': '¡Pregúntale!'}]}",2025-10-28 18:06:16.136864+00:00
https://www.fincaraiz.com.co//apartamento-en-arriendo-en-ciudadela-colsubsidio-bogota/192760537,"{'title': 'Apartamento en Arriendo en Ciudadela colsubsidio, Bogotá', 'pricing': '$ 1.208.000', 'bedrooms': '3 Habs.', 'bathrooms': '1 |  Baño', 'area': '50 |   | m²', 'location': 'Ciudadela colsubsidio', 'details': [{'Tipo de Inmueble': 'Apartamento'}, {'Estado': 'Usado'}, {'Baños': '1'}, {'Área Construida': '50 m2'}, {'Antigüedad': 'más de 30 años'}, {'Habitaciones': '3'}, {'Parqueaderos': '¡Pregúntale!'}, {'Área Privada': '50 m2'}, {'Estrato': '3'}, {'Administración': '$ 192.000'}, {'Piso N°': '¡Pregúntale!'}, {'Cantidad de pisos': '¡Pregúntale!'}, {'Acepta mascotas': '¡Pregúntale!'}, {'Contrato Mínimo': '¡Pregúntale!'}, {'Documentación requerida': '¡Pregúntale!'}]}",2025-10-28 18:06:16.145706+00:00
https://www.fincaraiz.com.co//apartamento-en-arriendo-en-ciudad-salitre-bogota/193012314,"{'title': 'Apartamento en Arriendo en Ciudad salitre, Bogotá', 'pricing': '$ 2.500.000', 'bedrooms': '2 Habs.', 'bathrooms': '2 |  Baño | s', 'area': '42 |   | m²', 'location': 'La esperanza sur', 'details': [{'Tipo de Inmueble': 'Apartamento'}, {'Estado': 'Usado'}, {'Baños': '2'}, {'Antigüedad': 'menor a 1 año'}, {'Habitaciones': '2'}, {'Parqueaderos': '1'}, {'Cantidad de Ambientes': '¡Pregúntale!'}, {'Área Construida': '42 m2'}, {'Área Privada': '¡Pregúntale!'}, {'Estrato': '4'}, {'Administración': '¡Pregúntale!'}, {'Piso N°': '¡Pregúntale!'}, {'Cantidad de Pisos': '1'}, {'Acepta mascotas': '¡Pregúntale!'}, {'Contrato Mínimo': '¡Pregúntale!'}, {'Documentación requerida': '¡Pregúntale!'}]}",2025-10-28 18:06:16.200127+00:00
https://www.fincaraiz.com.co//apartaestudio-en-arriendo-en-chapinero-alto-bogota/5014434,"{'title': 'Apartaestudio en arriendo en Chapinero Alto, Bogotá', 'pricing': '$ 1.435.000', 'bedrooms': '1 Hab.', 'bathrooms': '1 |  Baño', 'area': '24 |   | m²', 'location': 'Chapinero', 'details': [{'Tipo de Inmueble': 'Apartaestudio'}, {'Estado': 'Excelente estado'}, {'Baños': '1'}, {'Antigüedad': 'menor a 1 año'}, {'Habitaciones': '1'}, {'Parqueaderos': '¡Pregúntale!'}, {'Cantidad de Ambientes': '1'}, {'Área Construida': '¡Pregúntale!'}, {'Área Privada': '24 m2'}, {'Estrato': '4'}, {'Administración': '$ 189.000'}, {'Piso N°': '4'}, {'Cantidad de Pisos': '3'}, {'Acepta mascotas': '¡Pregúntale!'}, {'Contrato Mínimo': '¡Pregúntale!'}, {'Documentación requerida': '¡Pregúntale!'}]}",2025-10-28 18:06:16.288864+00:00
https://www.fincaraiz.com.co//local-en-arriendo-en-olaya-bogota/10510376,"{'title': 'Local en arriendo en Olaya, Bogotá', 'pricing': '$ 1.645.000', 'bedrooms': '1 |  Ambiente', 'bathrooms': '25 |   | m²', 'area': None, 'location': 'Olaya', 'details': [{'Tipo de Inmueble': 'Local'}, {'Estado': '¡Pregúntale!'}, {'Baños': '¡Pregúntale!'}, {'Antigüedad': '1 a 8 años'}, {'Habitaciones': '1'}, {'Parqueaderos': '¡Pregúntale!'}, {'Cantidad de Ambientes': '1'}, {'Área Construida': '¡Pregúntale!'}, {'Área Privada': '25 m2'}, {'Estrato': '3'}, {'Administración': '$ 517.000'}, {'Piso N°': '¡Pregúntale!'}, {'Cantidad de Pisos': '¡Pregúntale!'}, {'Acepta mascotas': '¡Pregúntale!'}, {'Contrato Mínimo': '¡Pregúntale!'}, {'Documentación requerida': '¡Pregúntale!'}]}",2025-10-28 18:06:16.356134+00:00
https://www.fincaraiz.com.co//local-en-arriendo-en-boyaca-real-bogota/192531930,"{'title': 'Local en Arriendo en Boyaca Real, Bogotá', 'pricing': '$ 3.100.000', 'bedrooms': '0 |  Ambiente | s', 'bathrooms': '1 |  Baño', 'area': '120 |   | m²', 'location': 'Boyaca Real', 'details': [{'Tipo de Inmueble': 'Local'}, {'Estado': 'Usado'}, {'Baños': '1'}, {'Área Construida': '120 m2'}, {'Antigüedad': '9 a 15 años'}, {'Habitaciones': '¡Pregúntale!'}, {'Parqueaderos': '¡Pregúntale!'}, {'Área Privada': '120 m2'}, {'Estrato': '3'}, {'Administración': '¡Pregúntale!'}, {'Piso N°': '2'}, {'Cantidad de pisos': '2'}, {'Acepta mascotas': '¡Pregúntale!'}, {'Contrato Mínimo': '¡Pregúntale!'}, {'Documentación requerida': '¡Pregúntale!'}]}",2025-10-28 18:06:16.423840+00:00
https://www.fincaraiz.com.co//apartamento-en-arriendo-en-cedritos-bogota/192682075,"{'title': 'Apartamento en Arriendo en Cedritos, Bogotá', 'pricing': '$ 2.150.000', 'bedrooms': '2 Habs.', 'bathrooms': '2 |  Baño | s', 'area': '71 |   | m²', 'location': 'Usaquen | Cedritos', 'details': [{'Tipo de Inmueble': 'Apartamento'}, {'Estado': 'Usado'}, {'Baños': '2'}, {'Área Construida': '71 m2'}, {'Antigüedad': '16 a 30 años'}, {'Habitaciones': '2'}, {'Parqueaderos': '1'}, {'Área Privada': '71 m2'}, {'Estrato': '4'}, {'Administración': '$ 560.000'}, {'Piso N°': '3'}, {'Cantidad de pisos': '¡Pregúntale!'}, {'Acepta mascotas': '¡Pregúntale!'}, {'Contrato Mínimo': '¡Pregúntale!'}, {'Documentación requerida': '¡Pregúntale!'}]}",2025-10-28 18:06:16.441356+00:00
https://www.fincaraiz.com.co//apartamento-en-arriendo-en-los-rosales-bogota/192790514,"{'title': 'Apartamento en Arriendo en Los rosales, Bogotá', 'pricing': '$ 6.100.000', 'bedrooms': '2 Habs.', 'bathrooms': '2 |  Baño | s', 'area': '133 |   | m²', 'location': 'Chapinero', 'details': [{'Tipo de Inmueble': 'Apartamento'}, {'Estado': 'Usado'}, {'Baños': '2'}, {'Área Construida': '133 m2'}, {'Antigüedad': 'más de 30 años'}, {'Habitaciones': '2'}, {'Parqueaderos': '1'}, {'Área Privada': '¡Pregúntale!'}, {'Estrato': '6'}, {'Administración': '$ 1.027.200'}, {'Piso N°': '2'}, {'Cantidad de pisos': '¡Pregúntale!'}, {'Acepta mascotas': '¡Pregúntale!'}, {'Contrato Mínimo': '¡Pregúntale!'}, {'Documentación requerida': '¡Pregúntale!'}]}",2025-10-28 18:06:16.612118+00:00
https://www.fincaraiz.com.co//oficina-en-arriendo-en-puente-largo-bogota/192703273,"{'title': 'Oficina en Arriendo en Puente largo, Bogotá', 'pricing': '$ 1.300.000', 'bedrooms': '0 |  Ambiente | s', 'bathrooms': '25 |   | m²', 'area': None, 'location': 'Suba | Puente largo', 'details': [{'Tipo de Inmueble': 'Oficina'}, {'Estado': 'Usado'}, {'Baños': '¡Pregúntale!'}, {'Área Construida': '25 m2'}, {'Antigüedad': '9 a 15 años'}, {'Habitaciones': '¡Pregúntale!'}, {'Parqueaderos': '¡Pregúntale!'}, {'Área Privada': '22 m2'}, {'Estrato': '4'}, {'Administración': '¡Pregúntale!'}, {'Piso N°': '7'}, {'Cantidad de pisos': '¡Pregúntale!'}, {'Acepta mascotas': '¡Pregúntale!'}, {'Contrato Mínimo': '¡Pregúntale!'}, {'Documentación requerida': '¡Pregúntale!'}]}",2025-10-28 18:06:16.700235+00:00
https://www.fincaraiz.com.co//apartaestudio-en-arriendo-en-lagos-de-torca-bogota/192734385,"{'title': 'Apartaestudio en Arriendo en Lagos de Torca, Bogotá', 'pricing': '$ 1.950.000', 'bedrooms': '1 Hab.', 'bathrooms': '1 |  Baño', 'area': '45 |   | m²', 'location': 'Suba | Lagos de Torca', 'details': [{'Tipo de Inmueble': 'Apartaestudio'}, {'Estado': 'Nuevo'}, {'Baños': '1'}, {'Área Construida': '45 m2'}, {'Antigüedad': '¡Pregúntale!'}, {'Habitaciones': '1'}, {'Parqueaderos': '1'}, {'Área Privada': '45 m2'}, {'Estrato': '4'}, {'Administración': '¡Pregúntale!'}, {'Piso N°': '3'}, {'Cantidad de pisos': '¡Pregúntale!'}, {'Acepta mascotas': '¡Pregúntale!'}, {'Contrato Mínimo': '¡Pregúntale!'}, {'Documentación requerida': '¡Pregúntale!'}]}",2025-10-28 18:06:16.965147+00:00
https://www.fincaraiz.com.co//apartamento-en-arriendo-en-cedro-narvaez-bogota/192906336,"{'title': 'Apartamento en Arriendo en Cedro narvaez, Bogotá', 'pricing': '$ 1.900.000', 'bedrooms': '1 Hab.', 'bathrooms': '1 |  Baño', 'area': '43 |   | m²', 'location': 'Usaquen | Acacias usaquen', 'details': [{'Tipo de Inmueble': 'Apartamento'}, {'Estado': 'Usado'}, {'Baños': '1'}, {'Antigüedad': 'más de 30 años'}, {'Habitaciones': '1'}, {'Parqueaderos': '1'}, {'Cantidad de Ambientes': '¡Pregúntale!'}, {'Área Construida': '¡Pregúntale!'}, {'Área Privada': '43 m2'}, {'Estrato': '4'}, {'Administración': '$ 313.000'}, {'Piso N°': '¡Pregúntale!'}, {'Cantidad de Pisos': '1'}, {'Acepta mascotas': '¡Pregúntale!'}, {'Contrato Mínimo': '¡Pregúntale!'}, {'Documentación requerida': '¡Pregúntale!'}]}",2025-10-28 18:06:17.085694+00:00
https://www.fincaraiz.com.co//casa-en-arriendo-en-iberia-bogota/192563302,"{'title': 'Casa en Arriendo en Iberia, Bogotá', 'pricing': '$ 9.000.000', 'bedrooms': '4 Habs.', 'bathrooms': '5 |  Baño | s', 'area': '334 |   | m²', 'location': 'Suba | Iberia', 'details': [{'Tipo de Inmueble': 'Casa'}, {'Estado': '¡Pregúntale!'}, {'Baños': '5'}, {'Área Construida': '334.00  m2'}, {'Antigüedad': 'más de 30 años'}, {'Habitaciones': '4'}, {'Parqueaderos': '4'}, {'Área Privada': '334.00  m2'}, {'Estrato': '5'}, {'Acepta mascotas': '¡Pregúntale!'}, {'Contrato Mínimo': '¡Pregúntale!'}, {'Documentación requerida': '¡Pregúntale!'}]}",2025-10-28 18:06:17.126085+00:00
https://www.fincaraiz.com.co//oficina-en-arriendo-en-el-lago-bogota/10742411,"{'title': 'Oficina en arriendo en El Lago, Bogotá', 'pricing': '$ 5.700.000', 'bedrooms': '1 |  Ambiente', 'bathrooms': '4 |  Baño | s', 'area': '230 |   | m²', 'location': 'Barrios Unidos', 'details': [{'Tipo de Inmueble': 'Oficina'}, {'Estado': '¡Pregúntale!'}, {'Baños': '4'}, {'Área Construida': '230 m2'}, {'Antigüedad': '¡Pregúntale!'}, {'Habitaciones': '1'}, {'Parqueaderos': '2'}, {'Área Privada': '230 m2'}, {'Estrato': '5'}, {'Administración': '¡Pregúntale!'}, {'Piso N°': '2'}, {'Cantidad de pisos': '¡Pregúntale!'}, {'Acepta mascotas': '¡Pregúntale!'}, {'Contrato Mínimo': '¡Pregúntale!'}, {'Documentación requerida': '¡Pregúntale!'}]}",2025-10-28 18:06:17.242292+00:00
https://www.fincaraiz.com.co//apartamento-en-arriendo-en-rincon-del-chico-bogota/192788062,"{'title': 'Apartamento en Arriendo en Rincon del chico, Bogotá', 'pricing': '$ 4.200.000', 'bedrooms': '2 Habs.', 'bathrooms': '3 |  Baño | s', 'area': '77 |   | m²', 'location': 'Usaquen | Santa Paula', 'details': [{'Tipo de Inmueble': 'Apartamento'}, {'Estado': 'Usado'}, {'Baños': '3'}, {'Área Construida': '77 m2'}, {'Antigüedad': '16 a 30 años'}, {'Habitaciones': '2'}, {'Parqueaderos': '2'}, {'Área Privada': '77 m2'}, {'Estrato': '6'}, {'Administración': '¡Pregúntale!'}, {'Piso N°': '¡Pregúntale!'}, {'Cantidad de pisos': '¡Pregúntale!'}, {'Acepta mascotas': '¡Pregúntale!'}, {'Contrato Mínimo': '¡Pregúntale!'}, {'Documentación requerida': '¡Pregúntale!'}]}",2025-10-28 18:06:17.446779+00:00
https://www.fincaraiz.com.co//apartaestudio-en-arriendo-en-bella-suiza-bogota/193014243,"{'title': 'Apartaestudio en Arriendo en Bella suiza, Bogotá', 'pricing': '$ 2.650.000', 'bedrooms': '1 Hab.', 'bathrooms': '2 |  Baño | s', 'area': '44 |   | m²', 'location': 'Usaquen | Altos de Bella Suiza', 'details': [{'Tipo de Inmueble': 'Apartaestudio'}, {'Estado': 'Usado'}, {'Baños': '2'}, {'Antigüedad': 'menor a 1 año'}, {'Habitaciones': '1'}, {'Parqueaderos': '1'}, {'Cantidad de Ambientes': '¡Pregúntale!'}, {'Área Construida': '44 m2'}, {'Área Privada': '¡Pregúntale!'}, {'Estrato': '5'}, {'Administración': '¡Pregúntale!'}, {'Piso N°': '¡Pregúntale!'}, {'Cantidad de Pisos': '1'}, {'Acepta mascotas': '¡Pregúntale!'}, {'Contrato Mínimo': '¡Pregúntale!'}, {'Documentación requerida': '¡Pregúntale!'}]}",2025-10-28 18:06:17.523085+00:00
https://www.fincaraiz.com.co//apartamento-en-arriendo-en-chico-navarra-bogota/193017618,"{'title': 'Apartamento en Arriendo en Chicó Navarra, Bogotá', 'pricing': '$ 6.980.000', 'bedrooms': '3 Habs.', 'bathrooms': '5 |  Baño | s', 'area': '150 |   | m²', 'location': 'Usaquen | Navarra', 'details': [{'Tipo de Inmueble': 'Apartamento'}, {'Estado': 'Usado'}, {'Baños': '5'}, {'Antigüedad': '16 a 30 años'}, {'Habitaciones': '3'}, {'Parqueaderos': '2'}, {'Cantidad de Ambientes': '¡Pregúntale!'}, {'Área Construida': '150 m2'}, {'Área Privada': '150 m2'}, {'Estrato': '6'}, {'Administración': '¡Pregúntale!'}, {'Piso N°': '¡Pregúntale!'}, {'Cantidad de Pisos': '3'}, {'Acepta mascotas': '¡Pregúntale!'}, {'Contrato Mínimo': '¡Pregúntale!'}, {'Documentación requerida': '¡Pregúntale!'}]}",2025-10-28 18:06:17.936236+00:00
https://www.fincaraiz.com.co//apartaestudio-en-arriendo-en-chapinero-bogota/192927100,"{'title': 'Apartaestudio en Arriendo en Chapinero, Bogotá', 'pricing': '$ 1.800.000', 'bedrooms': '1 Hab.', 'bathrooms': '1 |  Baño', 'area': '28 |   | m²', 'location': 'Teusaquillo | Chapinero', 'details': [{'Tipo de Inmueble': 'Apartaestudio'}, {'Estado': 'Usado'}, {'Baños': '1'}, {'Área Construida': '28 m2'}, {'Antigüedad': '1 a 8 años'}, {'Habitaciones': '1'}, {'Parqueaderos': '¡Pregúntale!'}, {'Área Privada': '28 m2'}, {'Estrato': '3'}, {'Administración': '¡Pregúntale!'}, {'Piso N°': '8'}, {'Cantidad de pisos': '¡Pregúntale!'}, {'Acepta mascotas': '¡Pregúntale!'}, {'Contrato Mínimo': '¡Pregúntale!'}, {'Documentación requerida': '¡Pregúntale!'}]}",2025-10-28 18:06:18.087638+00:00
https://www.fincaraiz.com.co//oficina-en-arriendo-en-zona-norte-bogota/192034819,"{'title': 'Oficina en  Arriendo en Zona norte, Bogotá', 'pricing': '$ 8.925.000', 'bedrooms': '3 |  Ambiente | s', 'bathrooms': '3 |  Baño | s', 'area': '142 |   | m²', 'location': 'Chapinero | Lago gaitan', 'details': [{'Tipo de Inmueble': 'Oficina'}, {'Estado': 'Usado'}, {'Baños': '3'}, {'Área Construida': '142 m2'}, {'Antigüedad': '16 a 30 años'}, {'Habitaciones': '¡Pregúntale!'}, {'Parqueaderos': '3'}, {'Área Privada': '142 m2'}, {'Estrato': '6'}, {'Administración': '$ 1.707.000'}, {'Piso N°': '¡Pregúntale!'}, {'Cantidad de pisos': '¡Pregúntale!'}, {'Acepta mascotas': '¡Pregúntale!'}, {'Contrato Mínimo': '¡Pregúntale!'}, {'Documentación requerida': '¡Pregúntale!'}]}",2025-10-28 18:06:18.114179+00:00
https://www.fincaraiz.com.co//apartamento-en-arriendo-en-alcala-bogota/192971466,"{'title': 'Apartamento en Arriendo en Alcala, Bogotá', 'pricing': '$ 1.800.000', 'bedrooms': '2 Habs.', 'bathrooms': '2 |  Baño | s', 'area': '60 |   | m²', 'location': 'Suba | Alcala', 'details': [{'Tipo de Inmueble': 'Apartamento'}, {'Estado': 'Usado'}, {'Baños': '2'}, {'Antigüedad': '16 a 30 años'}, {'Habitaciones': '2'}, {'Parqueaderos': '1'}, {'Cantidad de Ambientes': '2'}, {'Área Construida': '60 m2'}, {'Área Privada': '¡Pregúntale!'}, {'Estrato': '4'}, {'Administración': '¡Pregúntale!'}, {'Piso N°': '4'}, {'Cantidad de Pisos': '1'}, {'Acepta mascotas': '¡Pregúntale!'}, {'Contrato Mínimo': '¡Pregúntale!'}, {'Documentación requerida': '¡Pregúntale!'}]}",2025-10-28 18:06:18.152095+00:00
https://www.fincaraiz.com.co//oficina-en-arriendo-en-chico-norte-bogota/10924799,"{'title': 'Oficina en arriendo en Chico norte, Bogotá', 'pricing': '$ 8.500.000', 'bedrooms': '1 |  Ambiente', 'bathrooms': '1 |  Baño', 'area': '78.27 |   | m²', 'location': 'Chico norte', 'details': [{'Tipo de Inmueble': 'Oficina'}, {'Estado': '¡Pregúntale!'}, {'Baños': '1'}, {'Área Construida': '78,27 m2'}, {'Antigüedad': '1 a 8 años'}, {'Habitaciones': '1'}, {'Parqueaderos': '2'}, {'Área Privada': '78,27 m2'}, {'Estrato': '6'}, {'Administración': '$ 1.262.000'}, {'Piso N°': '¡Pregúntale!'}, {'Cantidad de pisos': '7'}, {'Acepta mascotas': '¡Pregúntale!'}, {'Contrato Mínimo': '¡Pregúntale!'}, {'Documentación requerida': '¡Pregúntale!'}]}",2025-10-28 18:06:18.197112+00:00
https://www.fincaraiz.com.co//apartamento-en-arriendo-en-modelia-occidental-bogota/192910658,"{'title': 'Apartamento en Arriendo en Modelia Occidental, Bogotá', 'pricing': '$ 4.950.000', 'bedrooms': '3 Habs.', 'bathrooms': '2 |  Baño | s', 'area': '106.3 |   | m²', 'location': 'Modelia Occidental', 'details': [{'Tipo de Inmueble': 'Apartamento'}, {'Estado': 'Usado'}, {'Baños': '2'}, {'Antigüedad': '16 a 30 años'}, {'Habitaciones': '3'}, {'Parqueaderos': '¡Pregúntale!'}, {'Cantidad de Ambientes': '3'}, {'Área Construida': '¡Pregúntale!'}, {'Área Privada': '97,62 m2'}, {'Estrato': '4'}, {'Administración': '¡Pregúntale!'}, {'Piso N°': '10'}, {'Cantidad de Pisos': '3'}, {'Cantidad de pisos': '¡Pregúntale!'}, {'Acepta mascotas': '¡Pregúntale!'}, {'Contrato Mínimo': '¡Pregúntale!'}, {'Documentación requerida': '¡Pregúntale!'}]}",2025-10-28 18:06:18.245806+00:00
https://www.fincaraiz.com.co//casa-en-arriendo-en-pasadena-bogota/192962932,"{'title': 'Casa en Arriendo en Pasadena, Bogotá', 'pricing': '$ 6.500.000', 'bedrooms': '7 Habs.', 'bathrooms': '5 |  Baño | s', 'area': '400 |   | m²', 'location': 'Suba | Estoril', 'details': [{'Tipo de Inmueble': 'Casa'}, {'Estado': 'Usado'}, {'Baños': '5'}, {'Área Construida': '400 m2'}, {'Antigüedad': 'más de 30 años'}, {'Habitaciones': '7'}, {'Parqueaderos': '3'}, {'Área Privada': '400 m2'}, {'Estrato': '5'}, {'Acepta mascotas': '¡Pregúntale!'}, {'Contrato Mínimo': '¡Pregúntale!'}, {'Documentación requerida': '¡Pregúntale!'}]}",2025-10-28 18:06:18.297678+00:00
https://www.fincaraiz.com.co//apartamento-en-arriendo-en-chapinero-bogota/192774101,"{'title': 'Apartamento en Arriendo en Chapinero, Bogotá', 'pricing': '$ 1.795.000', 'bedrooms': '1 Hab.', 'bathrooms': '1 |  Baño', 'area': '21 |   | m²', 'location': 'Porciuncula', 'details': [{'Tipo de Inmueble': 'Apartamento'}, {'Estado': 'Nuevo'}, {'Baños': '1'}, {'Antigüedad': 'menor a 1 año'}, {'Habitaciones': '1'}, {'Parqueaderos': '1'}, {'Cantidad de Ambientes': '1'}, {'Área Construida': '¡Pregúntale!'}, {'Área Privada': '21 m2'}, {'Estrato': '4'}, {'Administración': '¡Pregúntale!'}, {'Piso N°': '2'}, {'Cantidad de Pisos': '1'}, {'Acepta mascotas': '¡Pregúntale!'}, {'Contrato Mínimo': '¡Pregúntale!'}, {'Documentación requerida': '¡Pregúntale!'}]}",2025-10-28 18:06:18.408320+00:00
https://www.fincaraiz.com.co//apartamento-en-arriendo-en-chico-navarra-bogota/192959489,"{'title': 'Apartamento en Arriendo en Chicó Navarra, Bogotá', 'pricing': '$ 4.750.000', 'bedrooms': '2 Habs.', 'bathrooms': '2 |  Baño | s', 'area': '146 |   | m²', 'location': 'Usaquen | Navarra', 'details': [{'Tipo de Inmueble': 'Apartamento'}, {'Estado': 'Usado'}, {'Baños': '2'}, {'Área Construida': '146 m2'}, {'Antigüedad': '16 a 30 años'}, {'Habitaciones': '2'}, {'Parqueaderos': '1'}, {'Área Privada': '146 m2'}, {'Estrato': '6'}, {'Administración': '¡Pregúntale!'}, {'Piso N°': '2'}, {'Cantidad de pisos': '¡Pregúntale!'}, {'Acepta mascotas': '¡Pregúntale!'}, {'Contrato Mínimo': '¡Pregúntale!'}, {'Documentación requerida': '¡Pregúntale!'}]}",2025-10-28 18:06:18.454263+00:00
https://www.fincaraiz.com.co//apartamento-en-arriendo-en-perdomo-alto-bogota/192911384,"{'title': 'Apartamento en Arriendo en Perdomo alto, Bogotá', 'pricing': '$ 1.180.000', 'bedrooms': '2 Habs.', 'bathrooms': '1 |  Baño', 'area': '38 |   | m²', 'location': 'Bosa | Perdomo alto', 'details': [{'Tipo de Inmueble': 'Apartamento'}, {'Estado': 'Usado'}, {'Baños': '1'}, {'Antigüedad': 'menor a 1 año'}, {'Habitaciones': '2'}, {'Parqueaderos': '¡Pregúntale!'}, {'Cantidad de Ambientes': '2'}, {'Área Construida': '38 m2'}, {'Área Privada': '33,28 m2'}, {'Estrato': '2'}, {'Administración': '¡Pregúntale!'}, {'Piso N°': '¡Pregúntale!'}, {'Cantidad de Pisos': '1'}, {'Acepta mascotas': '¡Pregúntale!'}, {'Contrato Mínimo': '¡Pregúntale!'}, {'Documentación requerida': '¡Pregúntale!'}]}",2025-10-28 18:06:18.489744+00:00
https://www.fincaraiz.com.co//edificio-en-arriendo-en-cedritos-bogota/192623118,"{'title': 'Edificio en Arriendo en Cedritos, Bogotá', 'pricing': '$ 16.000.000', 'bedrooms': '320 |   | m²', 'bathrooms': None, 'area': None, 'location': 'Usaquen | Barrancas Norte', 'details': [{'Tipo de Inmueble': 'Edificio'}, {'Estado': 'Usado'}, {'Baños': '4'}, {'Área Construida': '320 m2'}, {'Antigüedad': '9 a 15 años'}, {'Habitaciones': '¡Pregúntale!'}, {'Parqueaderos': '7'}, {'Área Privada': '320 m2'}, {'Estrato': '4'}, {'Acepta mascotas': '¡Pregúntale!'}, {'Contrato Mínimo': '¡Pregúntale!'}, {'Documentación requerida': '¡Pregúntale!'}]}",2025-10-28 18:06:18.617056+00:00
https://www.fincaraiz.com.co//apartamento-en-arriendo-en-la-macarena-bogota/192892442,"{'title': 'Apartamento en Arriendo en La macarena, Bogotá', 'pricing': '$ 1.500.000', 'bedrooms': '2 Habs.', 'bathrooms': '1 |  Baño', 'area': '38 |   | m²', 'location': 'Santafe | La perseverancia', 'details': [{'Tipo de Inmueble': 'Apartamento'}, {'Estado': 'Usado'}, {'Baños': '1'}, {'Área Construida': '38 m2'}, {'Antigüedad': '16 a 30 años'}, {'Habitaciones': '2'}, {'Parqueaderos': '¡Pregúntale!'}, {'Área Privada': '38 m2'}, {'Estrato': '5'}, {'Administración': '¡Pregúntale!'}, {'Piso N°': '4'}, {'Cantidad de pisos': '¡Pregúntale!'}, {'Acepta mascotas': '¡Pregúntale!'}, {'Contrato Mínimo': '¡Pregúntale!'}, {'Documentación requerida': '¡Pregúntale!'}]}",2025-10-28 18:06:18.658052+00:00
https://www.fincaraiz.com.co//apartaestudio-en-arriendo-en-bosque-calderon-bogota/192966445,"{'title': 'Apartaestudio en Arriendo en Bosque calderon, Bogotá', 'pricing': '$ 2.400.000', 'bedrooms': '1 Hab.', 'bathrooms': '1 |  Baño', 'area': '47 |   | m²', 'location': 'Chapinero', 'details': [{'Tipo de Inmueble': 'Apartaestudio'}, {'Estado': 'Usado'}, {'Baños': '1'}, {'Área Construida': '47 m2'}, {'Antigüedad': '16 a 30 años'}, {'Habitaciones': '1'}, {'Parqueaderos': '1'}, {'Área Privada': '¡Pregúntale!'}, {'Estrato': '4'}, {'Administración': '$ 466.000'}, {'Piso N°': '¡Pregúntale!'}, {'Cantidad de pisos': '¡Pregúntale!'}, {'Acepta mascotas': '¡Pregúntale!'}, {'Contrato Mínimo': '¡Pregúntale!'}, {'Documentación requerida': '¡Pregúntale!'}]}",2025-10-28 18:06:18.771258+00:00
https://www.fincaraiz.com.co//apartamento-en-arriendo-en-lagos-de-torca-bogota/192725500,"{'title': 'Apartamento en Arriendo en Lagos de Torca, Bogotá', 'pricing': '$ 950.000', 'bedrooms': '2 Habs.', 'bathrooms': '1 |  Baño', 'area': '61 |   | m²', 'location': 'Suba | Lagos de Torca', 'details': [{'Tipo de Inmueble': 'Apartamento'}, {'Estado': 'Usado'}, {'Baños': '1'}, {'Área Construida': '61 m2'}, {'Antigüedad': '1 a 8 años'}, {'Habitaciones': '2'}, {'Parqueaderos': '¡Pregúntale!'}, {'Área Privada': '61 m2'}, {'Estrato': '3'}, {'Administración': '$ 150.000'}, {'Piso N°': '¡Pregúntale!'}, {'Cantidad de pisos': '¡Pregúntale!'}, {'Acepta mascotas': '¡Pregúntale!'}, {'Contrato Mínimo': '¡Pregúntale!'}, {'Documentación requerida': '¡Pregúntale!'}]}",2025-10-28 18:06:18.825807+00:00
https://www.fincaraiz.com.co//apartamento-en-arriendo-en-el-chico-bogota/192930049,"{'title': 'Apartamento en Arriendo en El chico, Bogotá', 'pricing': '$ 7.900.000', 'bedrooms': '3 Habs.', 'bathrooms': '4 |  Baño | s', 'area': '150 |   | m²', 'location': 'El chico', 'details': [{'Tipo de Inmueble': 'Apartamento'}, {'Estado': 'Usado'}, {'Baños': '4'}, {'Antigüedad': '16 a 30 años'}, {'Habitaciones': '3'}, {'Parqueaderos': '2'}, {'Cantidad de Ambientes': '¡Pregúntale!'}, {'Área Construida': '150 m2'}, {'Área Privada': '150 m2'}, {'Estrato': '6'}, {'Administración': '¡Pregúntale!'}, {'Piso N°': '9'}, {'Cantidad de Pisos': '1'}, {'Acepta mascotas': '¡Pregúntale!'}, {'Contrato Mínimo': '¡Pregúntale!'}, {'Documentación requerida': '¡Pregúntale!'}]}",2025-10-28 18:06:18.988448+00:00
https://www.fincaraiz.com.co//apartamento-en-arriendo-en-santa-bibiana-bogota/192826250,"{'title': 'Apartamento en Arriendo en Santa bibiana, Bogotá', 'pricing': '$ 5.980.000', 'bedrooms': '4 Habs.', 'bathrooms': '5 |  Baño | s', 'area': '150 |   | m²', 'location': 'Usaquen | Santa Paula', 'details': [{'Tipo de Inmueble': 'Apartamento'}, {'Estado': 'Usado'}, {'Baños': '5'}, {'Antigüedad': '9 a 15 años'}, {'Habitaciones': '4'}, {'Parqueaderos': '2'}, {'Cantidad de Ambientes': '¡Pregúntale!'}, {'Área Construida': '¡Pregúntale!'}, {'Área Privada': '150 m2'}, {'Estrato': '6'}, {'Administración': '$ 1.020.000'}, {'Piso N°': '4'}, {'Cantidad de Pisos': '1'}, {'Acepta mascotas': '¡Pregúntale!'}, {'Contrato Mínimo': '¡Pregúntale!'}, {'Documentación requerida': '¡Pregúntale!'}]}",2025-10-28 18:06:19.165311+00:00
https://www.fincaraiz.com.co//oficina-en-arriendo-en-fontibon-bogota/191432664,"{'title': 'Oficina en  Arriendo en Fontibon, Bogotá', 'pricing': '$ 115.710.000', 'bedrooms': '1 |  Ambiente', 'bathrooms': '10 |  Baño | s', 'area': '1653 |   | m²', 'location': 'Fontibon | Ciudad Salitre Occidental', 'details': [{'Tipo de Inmueble': 'Oficina'}, {'Estado': 'Usado'}, {'Baños': '10'}, {'Área Construida': '1.653 m2'}, {'Antigüedad': '9 a 15 años'}, {'Habitaciones': '¡Pregúntale!'}, {'Parqueaderos': '33'}, {'Área Privada': '1.643 m2'}, {'Estrato': '6'}, {'Administración': '¡Pregúntale!'}, {'Piso N°': '7'}, {'Cantidad de pisos': '7'}, {'Acepta mascotas': '¡Pregúntale!'}, {'Contrato Mínimo': '¡Pregúntale!'}, {'Documentación requerida': '¡Pregúntale!'}]}",2025-10-28 18:06:19.338248+00:00
https://www.fincaraiz.com.co//oficina-en-arriendo-en-barrios-unidos-bogota/192105850,"{'title': 'Oficina en  Arriendo en Barrios unidos, Bogotá', 'pricing': '$ 20.000.000', 'bedrooms': '1 |  Ambiente', 'bathrooms': '5 |  Baño | s', 'area': '427 |   | m²', 'location': 'Barrios unidos | Jorge eliecer gaitan', 'details': [{'Tipo de Inmueble': 'Oficina'}, {'Estado': 'Usado'}, {'Baños': '5'}, {'Área Construida': '427 m2'}, {'Antigüedad': '1 a 8 años'}, {'Habitaciones': '1'}, {'Parqueaderos': '2'}, {'Área Privada': '427 m2'}, {'Estrato': 'Sin Definir'}, {'Administración': '¡Pregúntale!'}, {'Piso N°': '5'}, {'Cantidad de pisos': '5'}, {'Acepta mascotas': '¡Pregúntale!'}, {'Contrato Mínimo': '¡Pregúntale!'}, {'Documentación requerida': '¡Pregúntale!'}]}",2025-10-28 18:06:19.364453+00:00
https://www.fincaraiz.com.co//casa-en-arriendo-en-lagos-de-cordoba-bogota/192417488,"{'title': 'Casa en Arriendo en Lagos de Cordoba, Bogotá', 'pricing': '$ 12.000.000', 'bedrooms': '7 Habs.', 'bathrooms': '5 |  Baño | s', 'area': '386 |   | m²', 'location': 'Lagos de Cordoba', 'details': [{'Tipo de Inmueble': 'Casa'}, {'Estado': 'Usado'}, {'Baños': '5'}, {'Área Construida': '386 m2'}, {'Antigüedad': 'más de 30 años'}, {'Habitaciones': '7'}, {'Parqueaderos': '¡Pregúntale!'}, {'Área Privada': '386 m2'}, {'Estrato': '5'}, {'Acepta mascotas': '¡Pregúntale!'}, {'Contrato Mínimo': '¡Pregúntale!'}, {'Documentación requerida': '¡Pregúntale!'}]}",2025-10-28 18:06:19.519822+00:00
https://www.fincaraiz.com.co//oficina-en-arriendo-en-chico-norte-bogota/10308129,"{'title': 'Oficina en arriendo en Chico norte, Bogotá', 'pricing': '$ 3.000.000', 'bedrooms': '1 |  Ambiente', 'bathrooms': '1 |  Baño', 'area': '54 |   | m²', 'location': 'Chico norte', 'details': [{'Tipo de Inmueble': 'Oficina'}, {'Estado': '¡Pregúntale!'}, {'Baños': '1'}, {'Antigüedad': '16 a 30 años'}, {'Habitaciones': '1'}, {'Parqueaderos': '2'}, {'Cantidad de Ambientes': '1'}, {'Área Construida': '¡Pregúntale!'}, {'Área Privada': '54 m2'}, {'Estrato': '6'}, {'Administración': '¡Pregúntale!'}, {'Piso N°': '2'}, {'Cantidad de Pisos': '1'}, {'Acepta mascotas': '¡Pregúntale!'}, {'Contrato Mínimo': '¡Pregúntale!'}, {'Documentación requerida': '¡Pregúntale!'}]}",2025-10-28 18:06:19.569504+00:00
https://www.fincaraiz.com.co//apartamento-en-arriendo-en-el-chico-bogota/192918123,"{'title': 'Apartamento en Arriendo en El chico, Bogotá', 'pricing': '$ 4.000.000', 'bedrooms': '3 Habs.', 'bathrooms': '3 |  Baño | s', 'area': '140 |   | m²', 'location': 'El chico', 'details': [{'Tipo de Inmueble': 'Apartamento'}, {'Estado': 'Usado'}, {'Baños': '3'}, {'Área Construida': '140 m2'}, {'Antigüedad': '16 a 30 años'}, {'Habitaciones': '3'}, {'Parqueaderos': '1'}, {'Área Privada': '140 m2'}, {'Estrato': '5'}, {'Administración': '¡Pregúntale!'}, {'Piso N°': '2'}, {'Cantidad de pisos': '¡Pregúntale!'}, {'Acepta mascotas': '¡Pregúntale!'}, {'Contrato Mínimo': '¡Pregúntale!'}, {'Documentación requerida': '¡Pregúntale!'}]}",2025-10-28 18:06:19.721765+00:00
https://www.fincaraiz.com.co//apartamento-en-arriendo-en-ciudad-salitre-bogota/192261180,"{'title': 'Apartamento en Arriendo en Ciudad salitre, Bogotá', 'pricing': '$ 3.930.000', 'bedrooms': '3 Habs.', 'bathrooms': '2 |  Baño | s', 'area': '100 |   | m²', 'location': 'Ciudad Salitre Occidental', 'details': [{'Tipo de Inmueble': 'Apartamento'}, {'Estado': 'Excelente estado'}, {'Baños': '2'}, {'Área Construida': '100 m2'}, {'Antigüedad': '16 a 30 años'}, {'Habitaciones': '3'}, {'Parqueaderos': '1'}, {'Área Privada': '100 m2'}, {'Estrato': '4'}, {'Administración': '$ 370.000'}, {'Piso N°': '¡Pregúntale!'}, {'Cantidad de pisos': '¡Pregúntale!'}, {'Acepta mascotas': '¡Pregúntale!'}, {'Contrato Mínimo': '¡Pregúntale!'}, {'Documentación requerida': '¡Pregúntale!'}]}",2025-10-28 18:06:19.766641+00:00
https://www.fincaraiz.com.co//oficina-en-arriendo-en-chico-norte-bogota/192588248,"{'title': 'Oficina en Arriendo en Chico norte, Bogotá', 'pricing': '$ 4.000.000', 'bedrooms': '5 |  Ambiente | s', 'bathrooms': '2 |  Baño | s', 'area': '100 |   | m²', 'location': 'Chapinero | Chicó Reservado', 'details': [{'Tipo de Inmueble': 'Oficina'}, {'Estado': 'Usado'}, {'Baños': '2'}, {'Área Construida': '100 m2'}, {'Antigüedad': 'más de 30 años'}, {'Habitaciones': '¡Pregúntale!'}, {'Parqueaderos': '2'}, {'Área Privada': '100 m2'}, {'Estrato': '6'}, {'Administración': '$ 1.600.000'}, {'Piso N°': '3'}, {'Cantidad de pisos': '¡Pregúntale!'}, {'Acepta mascotas': '¡Pregúntale!'}, {'Contrato Mínimo': '¡Pregúntale!'}, {'Documentación requerida': '¡Pregúntale!'}]}",2025-10-28 18:06:20.017794+00:00
https://www.fincaraiz.com.co//bodega-en-arriendo-en-la-estrada-bogota/192750846,"{'title': 'Bodega en Arriendo en La Estrada, Bogotá', 'pricing': '$ 5.500.000', 'bedrooms': '1 |  Ambiente', 'bathrooms': '3 |  Baño | s', 'area': '160 |   | m²', 'location': 'La Europa', 'details': [{'Tipo de Inmueble': 'Bodega'}, {'Estado': 'Usado'}, {'Baños': '3'}, {'Antigüedad': '9 a 15 años'}, {'Habitaciones': '¡Pregúntale!'}, {'Parqueaderos': '¡Pregúntale!'}, {'Cantidad de Ambientes': '1'}, {'Área Construida': '¡Pregúntale!'}, {'Área Privada': '125 m2'}, {'Estrato': '3'}, {'Piso N°': '¡Pregúntale!'}, {'Cantidad de pisos': '¡Pregúntale!'}, {'Acepta mascotas': '¡Pregúntale!'}, {'Contrato Mínimo': '¡Pregúntale!'}, {'Documentación requerida': '¡Pregúntale!'}]}",2025-10-28 18:06:20.107477+00:00
https://www.fincaraiz.com.co//apartamento-en-arriendo-en-chico-norte-bogota/192151742,"{'title': 'Apartamento en  Arriendo en Chico norte, Bogotá', 'pricing': '$ 7.700.000', 'bedrooms': '2 Habs.', 'bathrooms': '3 |  Baño | s', 'area': '94 |   | m²', 'location': 'Chapinero | Chico norte', 'details': [{'Tipo de Inmueble': 'Apartamento'}, {'Estado': 'Usado'}, {'Baños': '3'}, {'Área Construida': '94 m2'}, {'Antigüedad': 'menor a 1 año'}, {'Habitaciones': '2'}, {'Parqueaderos': '2'}, {'Área Privada': '94 m2'}, {'Estrato': '6'}, {'Administración': '¡Pregúntale!'}, {'Piso N°': '4'}, {'Cantidad de pisos': '4'}, {'Acepta mascotas': '¡Pregúntale!'}, {'Contrato Mínimo': '¡Pregúntale!'}, {'Documentación requerida': '¡Pregúntale!'}]}",2025-10-28 18:06:20.362937+00:00
https://www.fincaraiz.com.co//bodega-en-arriendo-en-doce-de-octubre-bogota/192260802,"{'title': 'Bodega en Arriendo en Doce de octubre, Bogotá', 'pricing': '$ 30.000.000', 'bedrooms': '0 |  Ambiente | s', 'bathrooms': '6 |  Baño | s', 'area': '1327 |   | m²', 'location': 'Barrios unidos | Doce de octubre', 'details': [{'Tipo de Inmueble': 'Bodega'}, {'Estado': 'Usado'}, {'Baños': '6'}, {'Antigüedad': '9 a 15 años'}, {'Habitaciones': '¡Pregúntale!'}, {'Parqueaderos': '¡Pregúntale!'}, {'Cantidad de Ambientes': '¡Pregúntale!'}, {'Área Construida': '¡Pregúntale!'}, {'Área Privada': '1.327 m2'}, {'Estrato': '4'}, {'Cantidad de pisos': '¡Pregúntale!'}, {'Acepta mascotas': '¡Pregúntale!'}, {'Contrato Mínimo': '¡Pregúntale!'}, {'Documentación requerida': '¡Pregúntale!'}]}",2025-10-28 18:06:20.372098+00:00
https://www.fincaraiz.com.co//casa-en-arriendo-en-restrepo-bogota/192843765,"{'title': 'Casa en Arriendo en Restrepo, Bogotá', 'pricing': '$ 2.350.000', 'bedrooms': '3 Habs.', 'bathrooms': '2 |  Baño | s', 'area': '108 |   | m²', 'location': 'Puente aranda | Restrepo', 'details': [{'Tipo de Inmueble': 'Casa'}, {'Estado': 'Usado'}, {'Baños': '2'}, {'Antigüedad': 'más de 30 años'}, {'Habitaciones': '3'}, {'Parqueaderos': '1'}, {'Cantidad de Ambientes': '3'}, {'Área Construida': '108 m2'}, {'Área del terreno': '108 m2'}, {'Área Privada': '108 m2'}, {'Estrato': '3'}, {'Piso N°': '¡Pregúntale!'}, {'Cantidad de pisos': '¡Pregúntale!'}, {'Acepta mascotas': '¡Pregúntale!'}, {'Contrato Mínimo': '¡Pregúntale!'}, {'Documentación requerida': '¡Pregúntale!'}]}",2025-10-28 18:06:20.426100+00:00
https://www.fincaraiz.com.co//apartamento-en-arriendo-en-los-rosales-bogota/192994025,"{'title': 'Apartamento en Arriendo en Los rosales, Bogotá', 'pricing': '$ 3.830.000', 'bedrooms': '2 Habs.', 'bathrooms': '2 |  Baño | s', 'area': '76 |   | m²', 'location': 'Las acacias', 'details': [{'Tipo de Inmueble': 'Apartamento'}, {'Estado': 'Usado'}, {'Baños': '2'}, {'Antigüedad': 'más de 30 años'}, {'Habitaciones': '2'}, {'Parqueaderos': '1'}, {'Cantidad de Ambientes': '2'}, {'Área Construida': '¡Pregúntale!'}, {'Área Privada': '76 m2'}, {'Estrato': '6'}, {'Administración': '$ 670.000'}, {'Piso N°': '2'}, {'Cantidad de Pisos': '1'}, {'Acepta mascotas': '¡Pregúntale!'}, {'Contrato Mínimo': '¡Pregúntale!'}, {'Documentación requerida': '¡Pregúntale!'}]}",2025-10-28 18:06:20.508042+00:00
https://www.fincaraiz.com.co//apartaestudio-en-arriendo-en-las-nieves-bogota/192901073,"{'title': 'Apartaestudio en Arriendo en Las nieves, Bogotá', 'pricing': '$ 1.550.000', 'bedrooms': '1 Hab.', 'bathrooms': '1 |  Baño', 'area': '23 |   | m²', 'location': 'Santafe | Las nieves', 'details': [{'Tipo de Inmueble': 'Apartaestudio'}, {'Estado': 'Usado'}, {'Baños': '1'}, {'Área Construida': '23 m2'}, {'Antigüedad': 'menor a 1 año'}, {'Habitaciones': '1'}, {'Parqueaderos': '¡Pregúntale!'}, {'Área Privada': '21 m2'}, {'Estrato': '3'}, {'Administración': '¡Pregúntale!'}, {'Piso N°': '2'}, {'Cantidad de pisos': '¡Pregúntale!'}, {'Acepta mascotas': '¡Pregúntale!'}, {'Contrato Mínimo': '¡Pregúntale!'}, {'Documentación requerida': '¡Pregúntale!'}]}",2025-10-28 18:06:20.578617+00:00
https://www.fincaraiz.com.co//oficina-en-arriendo-en-quinta-paredes-bogota/192915513,"{'title': 'Oficina en Arriendo en Quinta paredes, Bogotá', 'pricing': '$ 3.500.000', 'bedrooms': '0 |  Ambiente | s', 'bathrooms': '1 |  Baño', 'area': '30 |   | m²', 'location': 'Teusaquillo | Quinta paredes', 'details': [{'Tipo de Inmueble': 'Oficina'}, {'Estado': 'Usado'}, {'Baños': '1'}, {'Antigüedad': '9 a 15 años'}, {'Habitaciones': '¡Pregúntale!'}, {'Parqueaderos': '¡Pregúntale!'}, {'Cantidad de Ambientes': '¡Pregúntale!'}, {'Área Construida': '¡Pregúntale!'}, {'Área Privada': '¡Pregúntale!'}, {'Estrato': '4'}, {'Administración': '¡Pregúntale!'}, {'Piso N°': '1'}, {'Cantidad de Pisos': '1'}, {'Acepta mascotas': '¡Pregúntale!'}, {'Contrato Mínimo': '¡Pregúntale!'}, {'Documentación requerida': '¡Pregúntale!'}]}",2025-10-28 18:06:20.705560+00:00
https://www.fincaraiz.com.co//apartamento-en-arriendo-en-mazuren-bogota/193020122,"{'title': 'Apartamento en Arriendo en Mazuren, Bogotá', 'pricing': '$ 5.300.000', 'bedrooms': '3 Habs.', 'bathrooms': '3 |  Baño | s', 'area': '144 |   | m²', 'location': 'Suba | Cantagallo', 'details': [{'Tipo de Inmueble': 'Apartamento'}, {'Estado': 'Usado'}, {'Baños': '3'}, {'Antigüedad': '1 a 8 años'}, {'Habitaciones': '3'}, {'Parqueaderos': '2'}, {'Cantidad de Ambientes': '¡Pregúntale!'}, {'Área Construida': '144 m2'}, {'Área Privada': '144 m2'}, {'Estrato': '5'}, {'Administración': '$ 700.000'}, {'Piso N°': '¡Pregúntale!'}, {'Cantidad de Pisos': '1'}, {'Acepta mascotas': '¡Pregúntale!'}, {'Contrato Mínimo': '¡Pregúntale!'}, {'Documentación requerida': '¡Pregúntale!'}]}",2025-10-28 18:06:20.733087+00:00
https://www.fincaraiz.com.co//apartamento-en-arriendo-en-chico-reservado-bogota/192759588,"{'title': 'Apartamento en Arriendo en Chicó Reservado, Bogotá', 'pricing': '$ 6.540.000', 'bedrooms': '3 Habs.', 'bathrooms': '3 |  Baño | s', 'area': '137 |   | m²', 'location': 'Chicó Reservado', 'details': [{'Tipo de Inmueble': 'Apartamento'}, {'Estado': 'Usado'}, {'Baños': '3'}, {'Área Construida': '137 m2'}, {'Antigüedad': '9 a 15 años'}, {'Habitaciones': '3'}, {'Parqueaderos': '2'}, {'Área Privada': '137 m2'}, {'Estrato': '6'}, {'Administración': '$ 991.000'}, {'Piso N°': '5'}, {'Cantidad de pisos': '¡Pregúntale!'}, {'Acepta mascotas': '¡Pregúntale!'}, {'Contrato Mínimo': '¡Pregúntale!'}, {'Documentación requerida': '¡Pregúntale!'}]}",2025-10-28 18:06:20.750113+00:00
https://www.fincaraiz.com.co//oficina-en-arriendo-en-la-castellana-bogota/192994685,"{'title': 'Oficina en Arriendo en La castellana, Bogotá', 'pricing': '$ 16.500.000', 'bedrooms': '5 |  Ambiente | s', 'bathrooms': '4 |  Baño | s', 'area': '511 |   | m²', 'location': 'Barrios unidos | La castellana', 'details': [{'Tipo de Inmueble': 'Oficina'}, {'Estado': 'Usado'}, {'Baños': '4'}, {'Área Construida': '511 m2'}, {'Antigüedad': 'más de 30 años'}, {'Habitaciones': '¡Pregúntale!'}, {'Parqueaderos': '5'}, {'Área Privada': '¡Pregúntale!'}, {'Estrato': '5'}, {'Administración': '¡Pregúntale!'}, {'Piso N°': '¡Pregúntale!'}, {'Cantidad de pisos': '¡Pregúntale!'}, {'Acepta mascotas': '¡Pregúntale!'}, {'Contrato Mínimo': '¡Pregúntale!'}, {'Documentación requerida': '¡Pregúntale!'}]}",2025-10-28 18:06:20.886485+00:00
https://www.fincaraiz.com.co//apartamento-en-arriendo-en-alameda-bogota/192936399,"{'title': 'Apartamento en Arriendo en Alameda, Bogotá', 'pricing': '$ 1.800.000', 'bedrooms': '2 Habs.', 'bathrooms': '1 |  Baño', 'area': '39 |   | m²', 'location': 'Usaquen | Alameda', 'details': [{'Tipo de Inmueble': 'Apartamento'}, {'Estado': 'Usado'}, {'Baños': '1'}, {'Área Construida': '39 m2'}, {'Antigüedad': 'menor a 1 año'}, {'Habitaciones': '2'}, {'Parqueaderos': '¡Pregúntale!'}, {'Área Privada': '39 m2'}, {'Estrato': '3'}, {'Administración': '¡Pregúntale!'}, {'Piso N°': '16'}, {'Cantidad de pisos': '¡Pregúntale!'}, {'Acepta mascotas': '¡Pregúntale!'}, {'Contrato Mínimo': '¡Pregúntale!'}, {'Documentación requerida': '¡Pregúntale!'}]}",2025-10-28 18:06:20.906970+00:00
https://www.fincaraiz.com.co//apartamento-en-arriendo-en-santa-barbara-central-bogota/192338803,"{'title': 'Apartamento en Arriendo en Santa barbara central, Bogotá', 'pricing': '$ 3.500.000', 'bedrooms': '2 Habs.', 'bathrooms': '3 |  Baño | s', 'area': '121 |   | m²', 'location': 'Usaquen | Molinos norte', 'details': [{'Tipo de Inmueble': 'Apartamento'}, {'Estado': 'Buen estado'}, {'Baños': '3'}, {'Área Construida': '121 m2'}, {'Antigüedad': 'más de 30 años'}, {'Habitaciones': '2'}, {'Parqueaderos': '2'}, {'Área Privada': '121 m2'}, {'Estrato': '5'}, {'Administración': '¡Pregúntale!'}, {'Piso N°': '2'}, {'Cantidad de pisos': '2'}, {'Acepta mascotas': '¡Pregúntale!'}, {'Contrato Mínimo': '¡Pregúntale!'}, {'Documentación requerida': '¡Pregúntale!'}]}",2025-10-28 18:06:21.067578+00:00
https://www.fincaraiz.com.co//apartamento-en-arriendo-en-el-chico-bogota/192303737,"{'title': 'Apartamento en Arriendo en El chico, Bogotá', 'pricing': '$ 7.600.000', 'bedrooms': '2 Habs.', 'bathrooms': '3 |  Baño | s', 'area': '120 |   | m²', 'location': 'El Virrey', 'details': [{'Tipo de Inmueble': 'Apartamento'}, {'Estado': 'Usado'}, {'Baños': '3'}, {'Antigüedad': '1 a 8 años'}, {'Habitaciones': '2'}, {'Parqueaderos': '2'}, {'Cantidad de Ambientes': '¡Pregúntale!'}, {'Área Construida': '¡Pregúntale!'}, {'Área Privada': '115 m2'}, {'Estrato': '6'}, {'Administración': '¡Pregúntale!'}, {'Piso N°': '8'}, {'Cantidad de Pisos': '¡Pregúntale!'}, {'Acepta mascotas': '¡Pregúntale!'}, {'Contrato Mínimo': '¡Pregúntale!'}, {'Documentación requerida': '¡Pregúntale!'}]}",2025-10-28 18:06:21.142473+00:00
https://www.fincaraiz.com.co//oficina-en-arriendo-en-chapinero-bogota/192024921,"{'title': 'Oficina en  Arriendo en Chapinero, Bogotá', 'pricing': '$ 2.600.000', 'bedrooms': '2 |  Ambiente | s', 'bathrooms': '1 |  Baño', 'area': '92 |   | m²', 'location': 'Barrios unidos | Barrios Unidos', 'details': [{'Tipo de Inmueble': 'Oficina'}, {'Estado': 'Usado'}, {'Baños': '1'}, {'Área Construida': '92 m2'}, {'Antigüedad': '1 a 8 años'}, {'Habitaciones': '¡Pregúntale!'}, {'Parqueaderos': '1'}, {'Área Privada': '92 m2'}, {'Estrato': '3'}, {'Administración': '¡Pregúntale!'}, {'Piso N°': '2'}, {'Cantidad de pisos': '2'}, {'Acepta mascotas': '¡Pregúntale!'}, {'Contrato Mínimo': '¡Pregúntale!'}, {'Documentación requerida': '¡Pregúntale!'}]}",2025-10-28 18:06:21.203343+00:00
https://www.fincaraiz.com.co//local-en-arriendo-en-minuto-de-dios-bogota/192463234,"{'title': 'Local en Arriendo en Minuto de dios, Bogotá', 'pricing': '$ 630.000', 'bedrooms': '0 |  Ambiente | s', 'bathrooms': '1 |  Baño', 'area': '7 |   | m²', 'location': 'Minuto de dios', 'details': [{'Tipo de Inmueble': 'Local'}, {'Estado': 'Usado'}, {'Baños': '1'}, {'Área Construida': '7 m2'}, {'Antigüedad': 'más de 30 años'}, {'Habitaciones': '¡Pregúntale!'}, {'Parqueaderos': '¡Pregúntale!'}, {'Área Privada': '7 m2'}, {'Estrato': '3'}, {'Administración': '¡Pregúntale!'}, {'Piso N°': '1'}, {'Cantidad de pisos': '¡Pregúntale!'}, {'Acepta mascotas': '¡Pregúntale!'}, {'Contrato Mínimo': '¡Pregúntale!'}, {'Documentación requerida': '¡Pregúntale!'}]}",2025-10-28 18:06:21.426636+00:00
https://www.fincaraiz.com.co//oficina-en-arriendo-en-chico-norte-bogota/192594237,"{'title': 'Oficina en Arriendo en Chico norte, Bogotá', 'pricing': '$ 14.220.000', 'bedrooms': '1 |  Ambiente', 'bathrooms': '2 |  Baño | s', 'area': '206 |   | m²', 'location': 'Chapinero | Chico norte', 'details': [{'Tipo de Inmueble': 'Oficina'}, {'Estado': 'Usado'}, {'Baños': '2'}, {'Área Construida': '206 m2'}, {'Antigüedad': '9 a 15 años'}, {'Habitaciones': '¡Pregúntale!'}, {'Parqueaderos': '3'}, {'Área Privada': '206 m2'}, {'Estrato': '5'}, {'Administración': '$ 2.000.000'}, {'Piso N°': '6'}, {'Cantidad de pisos': '¡Pregúntale!'}, {'Acepta mascotas': '¡Pregúntale!'}, {'Contrato Mínimo': '¡Pregúntale!'}, {'Documentación requerida': '¡Pregúntale!'}]}",2025-10-28 18:06:21.576211+00:00
https://www.fincaraiz.com.co//apartamento-en-arriendo-en-antiguo-country-bogota/192844584,"{'title': 'Apartamento en Arriendo en Antiguo country, Bogotá', 'pricing': '$ 3.385.000', 'bedrooms': '1 Hab.', 'bathrooms': '1 |  Baño', 'area': '50 |   | m²', 'location': 'Barrios unidos | Barrios Unidos', 'details': [{'Tipo de Inmueble': 'Apartamento'}, {'Estado': 'Usado'}, {'Baños': '1'}, {'Antigüedad': '9 a 15 años'}, {'Habitaciones': '1'}, {'Parqueaderos': '1'}, {'Cantidad de Ambientes': '1'}, {'Área Construida': '50 m2'}, {'Área Privada': '50 m2'}, {'Estrato': '5'}, {'Administración': '$ 615.000'}, {'Piso N°': '¡Pregúntale!'}, {'Cantidad de Pisos': '1'}, {'Acepta mascotas': '¡Pregúntale!'}, {'Contrato Mínimo': '¡Pregúntale!'}, {'Documentación requerida': '¡Pregúntale!'}]}",2025-10-28 18:06:21.630252+00:00
https://www.fincaraiz.com.co//apartamento-en-arriendo-en-modelia-bogota/192893621,"{'title': 'Apartamento en Arriendo en Modelia, Bogotá', 'pricing': '$ 1.500.000', 'bedrooms': '3 Habs.', 'bathrooms': '2 |  Baño | s', 'area': '64 |   | m²', 'location': 'Modelia', 'details': [{'Tipo de Inmueble': 'Apartamento'}, {'Estado': 'Usado'}, {'Baños': '2'}, {'Antigüedad': '9 a 15 años'}, {'Habitaciones': '3'}, {'Parqueaderos': '¡Pregúntale!'}, {'Cantidad de Ambientes': '3'}, {'Área Construida': '64 m2'}, {'Área Privada': '¡Pregúntale!'}, {'Estrato': '3'}, {'Administración': '$ 217.700'}, {'Piso N°': '3'}, {'Cantidad de Pisos': '1'}, {'Acepta mascotas': '¡Pregúntale!'}, {'Contrato Mínimo': '¡Pregúntale!'}, {'Documentación requerida': '¡Pregúntale!'}]}",2025-10-28 18:06:21.743593+00:00
https://www.fincaraiz.com.co/apartamento-en-arriendo-en-la-campina-bogota/192953696,"{'title': 'Apartamento en Arriendo en La Campiña, Bogotá', 'pricing': '$ 1.100.000', 'bedrooms': '2 Habs.', 'bathrooms': '2 |  Baño | s', 'area': '24.72 |   | m²', 'location': 'Suba | La Campiña', 'details': [{'Tipo de Inmueble': 'Apartamento'}, {'Estado': 'Usado'}, {'Baños': '2'}, {'Antigüedad': '9 a 15 años'}, {'Habitaciones': '2'}, {'Parqueaderos': '¡Pregúntale!'}, {'Cantidad de Ambientes': '¡Pregúntale!'}, {'Área Construida': '¡Pregúntale!'}, {'Área Privada': '¡Pregúntale!'}, {'Estrato': '3'}, {'Administración': '¡Pregúntale!'}, {'Piso N°': '3'}, {'Cantidad de Pisos': '3'}, {'Cantidad de pisos': '¡Pregúntale!'}, {'Acepta mascotas': '¡Pregúntale!'}, {'Contrato Mínimo': '¡Pregúntale!'}, {'Documentación requerida': '¡Pregúntale!'}]}",2025-10-28 18:06:21.781530+00:00
https://www.fincaraiz.com.co//oficina-en-arriendo-en-santa-ana-oriental-bogota/192907291,"{'title': 'Oficina en Arriendo en Santa ana oriental, Bogotá', 'pricing': '$ 7.800.000', 'bedrooms': '4 |  Ambiente | s', 'bathrooms': '4 |  Baño | s', 'area': '90 |   | m²', 'location': 'Usaquen | Santa ana oriental', 'details': [{'Tipo de Inmueble': 'Oficina'}, {'Estado': 'Usado'}, {'Baños': '4'}, {'Área Construida': '90 m2'}, {'Antigüedad': '9 a 15 años'}, {'Habitaciones': '¡Pregúntale!'}, {'Parqueaderos': '2'}, {'Área Privada': '90 m2'}, {'Estrato': '6'}, {'Administración': '¡Pregúntale!'}, {'Piso N°': '6'}, {'Cantidad de pisos': '¡Pregúntale!'}, {'Acepta mascotas': '¡Pregúntale!'}, {'Contrato Mínimo': '¡Pregúntale!'}, {'Documentación requerida': '¡Pregúntale!'}]}",2025-10-28 18:06:22.088309+00:00
https://www.fincaraiz.com.co//apartaestudio-en-arriendo-en-chapinero-bogota/5175755,"{'title': 'Apartaestudio en arriendo en Chapinero, Bogotá', 'pricing': '$ 1.760.000', 'bedrooms': '1 Hab.', 'bathrooms': '1 |  Baño', 'area': '26 |   | m²', 'location': 'Chapinero', 'details': [{'Tipo de Inmueble': 'Apartaestudio'}, {'Estado': 'Excelente estado'}, {'Baños': '1'}, {'Antigüedad': '1 a 8 años'}, {'Habitaciones': '1'}, {'Parqueaderos': '¡Pregúntale!'}, {'Cantidad de Ambientes': '1'}, {'Área Construida': '¡Pregúntale!'}, {'Área Privada': '26 m2'}, {'Estrato': '4'}, {'Administración': '$ 189.000'}, {'Piso N°': '¡Pregúntale!'}, {'Cantidad de Pisos': '1'}, {'Acepta mascotas': '¡Pregúntale!'}, {'Contrato Mínimo': '¡Pregúntale!'}, {'Documentación requerida': '¡Pregúntale!'}]}",2025-10-28 18:06:22.117801+00:00
https://www.fincaraiz.com.co//apartamento-en-arriendo-en-favidi-bogota/192261924,"{'title': 'Apartamento en Arriendo en Favidi, Bogotá', 'pricing': '$ 1.150.000', 'bedrooms': '3 Habs.', 'bathrooms': '1 |  Baño', 'area': '52.32 |   | m²', 'location': 'Kennedy | Favidi', 'details': [{'Tipo de Inmueble': 'Apartamento'}, {'Estado': 'Usado'}, {'Baños': '1'}, {'Antigüedad': 'más de 30 años'}, {'Habitaciones': '3'}, {'Parqueaderos': '¡Pregúntale!'}, {'Cantidad de Ambientes': '¡Pregúntale!'}, {'Área Construida': '¡Pregúntale!'}, {'Área Privada': '¡Pregúntale!'}, {'Estrato': '3'}, {'Administración': '¡Pregúntale!'}, {'Piso N°': '¡Pregúntale!'}, {'Cantidad de Pisos': '¡Pregúntale!'}, {'Cantidad de pisos': '¡Pregúntale!'}, {'Acepta mascotas': '¡Pregúntale!'}, {'Contrato Mínimo': '¡Pregúntale!'}, {'Documentación requerida': '¡Pregúntale!'}]}",2025-10-28 18:06:22.263022+00:00
https://www.fincaraiz.com.co//apartaestudio-en-arriendo-en-quinta-camacho-bogota/192820026,"{'title': 'Apartaestudio en Arriendo en Quinta camacho, Bogotá', 'pricing': '$ 2.350.000', 'bedrooms': '1 Hab.', 'bathrooms': '1 |  Baño', 'area': '60 |   | m²', 'location': 'Chapinero', 'details': [{'Tipo de Inmueble': 'Apartaestudio'}, {'Estado': 'Usado'}, {'Baños': '1'}, {'Área Construida': '60 m2'}, {'Antigüedad': '16 a 30 años'}, {'Habitaciones': '1'}, {'Parqueaderos': '¡Pregúntale!'}, {'Área Privada': '60 m2'}, {'Estrato': '4'}, {'Administración': '¡Pregúntale!'}, {'Piso N°': '¡Pregúntale!'}, {'Cantidad de pisos': '¡Pregúntale!'}, {'Acepta mascotas': '¡Pregúntale!'}, {'Contrato Mínimo': '¡Pregúntale!'}, {'Documentación requerida': '¡Pregúntale!'}]}",2025-10-28 18:06:22.387857+00:00
https://www.fincaraiz.com.co//local-en-arriendo-en-chapinero-bogota/191102322,"{'title': 'Local en  Arriendo en Chapinero, Bogotá', 'pricing': '$ 7.500.000', 'bedrooms': '0 |  Ambiente | s', 'bathrooms': '2 |  Baño | s', 'area': '160 |   | m²', 'location': 'Chapinero | Barrios Unidos', 'details': [{'Tipo de Inmueble': 'Local'}, {'Estado': 'Usado'}, {'Baños': '2'}, {'Área Construida': '160 m2'}, {'Antigüedad': '9 a 15 años'}, {'Habitaciones': '¡Pregúntale!'}, {'Parqueaderos': '¡Pregúntale!'}, {'Área Privada': '¡Pregúntale!'}, {'Estrato': '3'}, {'Administración': '¡Pregúntale!'}, {'Piso N°': '¡Pregúntale!'}, {'Cantidad de pisos': '¡Pregúntale!'}, {'Acepta mascotas': '¡Pregúntale!'}, {'Contrato Mínimo': '¡Pregúntale!'}, {'Documentación requerida': '¡Pregúntale!'}]}",2025-10-28 18:06:22.439666+00:00
https://www.fincaraiz.com.co//apartamento-en-arriendo-en-bogota/191272525,"{'title': 'Apartamento en  Arriendo en Bogotá', 'pricing': '$ 23.000.000', 'bedrooms': '4 Habs.', 'bathrooms': '5 |  Baño | s', 'area': '404 |   | m²', 'location': 'El refugio i', 'details': [{'Tipo de Inmueble': 'Apartamento'}, {'Estado': 'Usado'}, {'Baños': '5'}, {'Área Construida': '404 m2'}, {'Antigüedad': '¡Pregúntale!'}, {'Habitaciones': '4'}, {'Parqueaderos': '4'}, {'Área Privada': '404 m2'}, {'Estrato': '6'}, {'Administración': '$ 3.045.000'}, {'Piso N°': '5'}, {'Cantidad de pisos': '5'}, {'Acepta mascotas': '¡Pregúntale!'}, {'Contrato Mínimo': '¡Pregúntale!'}, {'Documentación requerida': '¡Pregúntale!'}]}",2025-10-28 18:06:22.464682+00:00
https://www.fincaraiz.com.co//apartamento-en-arriendo-en-cerros-de-suba-bogota/192648174,"{'title': 'Apartamento en Arriendo en Cerros de Suba, Bogotá', 'pricing': '$ 4.050.000', 'bedrooms': '3 Habs.', 'bathrooms': '2 |  Baño | s', 'area': '98 |   | m²', 'location': 'Suba | Vereda suba naranjos', 'details': [{'Tipo de Inmueble': 'Apartamento'}, {'Estado': 'Usado'}, {'Baños': '2'}, {'Área Construida': '98 m2'}, {'Antigüedad': '9 a 15 años'}, {'Habitaciones': '3'}, {'Parqueaderos': '2'}, {'Área Privada': '98 m2'}, {'Estrato': '6'}, {'Administración': '¡Pregúntale!'}, {'Piso N°': '5'}, {'Cantidad de pisos': '¡Pregúntale!'}, {'Acepta mascotas': '¡Pregúntale!'}, {'Contrato Mínimo': '¡Pregúntale!'}, {'Documentación requerida': '¡Pregúntale!'}]}",2025-10-28 18:06:23.085415+00:00
https://www.fincaraiz.com.co//apartaestudio-en-arriendo-en-gran-america-bogota/10941704,"{'title': 'Apartaestudio en arriendo en Gran america, Bogotá', 'pricing': '$ 1.750.000', 'bedrooms': '1 Hab.', 'bathrooms': '1 |  Baño', 'area': '18 |   | m²', 'location': 'Gran america', 'details': [{'Tipo de Inmueble': 'Apartaestudio'}, {'Estado': '¡Pregúntale!'}, {'Baños': '1'}, {'Área Construida': '18 m2'}, {'Antigüedad': '1 a 8 años'}, {'Habitaciones': '1'}, {'Parqueaderos': '¡Pregúntale!'}, {'Área Privada': '18 m2'}, {'Estrato': '5'}, {'Administración': '¡Pregúntale!'}, {'Piso N°': '¡Pregúntale!'}, {'Cantidad de pisos': '3'}, {'Acepta mascotas': '¡Pregúntale!'}, {'Contrato Mínimo': '¡Pregúntale!'}, {'Documentación requerida': '¡Pregúntale!'}]}",2025-10-28 18:06:23.092346+00:00
https://www.fincaraiz.com.co//apartamento-en-arriendo-en-chico-norte-bogota/192936819,"{'title': 'Apartamento en Arriendo en Chico norte, Bogotá', 'pricing': '$ 5.250.000', 'bedrooms': '3 Habs.', 'bathrooms': '3 |  Baño | s', 'area': '148 |   | m²', 'location': 'Barrios unidos | Barrios Unidos', 'details': [{'Tipo de Inmueble': 'Apartamento'}, {'Estado': 'Usado'}, {'Baños': '3'}, {'Área Construida': '148 m2'}, {'Antigüedad': '16 a 30 años'}, {'Habitaciones': '3'}, {'Parqueaderos': '3'}, {'Área Privada': '148 m2'}, {'Estrato': '6'}, {'Administración': '$ 1.450.000'}, {'Piso N°': '5'}, {'Cantidad de pisos': '¡Pregúntale!'}, {'Acepta mascotas': '¡Pregúntale!'}, {'Contrato Mínimo': '¡Pregúntale!'}, {'Documentación requerida': '¡Pregúntale!'}]}",2025-10-28 18:06:23.123088+00:00
https://www.fincaraiz.com.co//apartamento-en-arriendo-en-la-carolina-bogota/192990237,"{'title': 'Apartamento en Arriendo en La carolina, Bogotá', 'pricing': '$ 4.300.000', 'bedrooms': '1 Hab.', 'bathrooms': '2 |  Baño | s', 'area': '76 |   | m²', 'location': 'Usaquen | La carolina', 'details': [{'Tipo de Inmueble': 'Apartamento'}, {'Estado': 'Usado'}, {'Baños': '2'}, {'Antigüedad': '1 a 8 años'}, {'Habitaciones': '1'}, {'Parqueaderos': '2'}, {'Cantidad de Ambientes': '¡Pregúntale!'}, {'Área Construida': '76 m2'}, {'Área Privada': '¡Pregúntale!'}, {'Estrato': '6'}, {'Administración': '¡Pregúntale!'}, {'Piso N°': '¡Pregúntale!'}, {'Cantidad de Pisos': '1'}, {'Acepta mascotas': '¡Pregúntale!'}, {'Contrato Mínimo': '¡Pregúntale!'}, {'Documentación requerida': '¡Pregúntale!'}]}",2025-10-28 18:06:23.236494+00:00
https://www.fincaraiz.com.co//bodega-en-arriendo-en-montevideo-bogota/192831469,"{'title': 'Bodega en Arriendo en Montevideo, Bogotá', 'pricing': '$ 70.000.000', 'bedrooms': '0 |  Ambiente | s', 'bathrooms': '4 |  Baño | s', 'area': '2814 |   | m²', 'location': 'Montevideo', 'details': [{'Tipo de Inmueble': 'Bodega'}, {'Estado': 'Usado'}, {'Baños': '4'}, {'Antigüedad': 'más de 30 años'}, {'Habitaciones': '¡Pregúntale!'}, {'Parqueaderos': '4'}, {'Cantidad de Ambientes': '¡Pregúntale!'}, {'Área Construida': '2.814 m2'}, {'Área Privada': '2.814 m2'}, {'Estrato': 'Sin Definir'}, {'Piso N°': '¡Pregúntale!'}, {'Cantidad de pisos': '¡Pregúntale!'}, {'Acepta mascotas': '¡Pregúntale!'}, {'Contrato Mínimo': '¡Pregúntale!'}, {'Documentación requerida': '¡Pregúntale!'}]}",2025-10-28 18:06:23.353693+00:00
https://www.fincaraiz.com.co//apartamento-en-arriendo-en-altos-de-bella-suiza-bogota/192725876,"{'title': 'Apartamento en Arriendo en Altos de Bella Suiza, Bogotá', 'pricing': '$ 3.300.000', 'bedrooms': '2 Habs.', 'bathrooms': '3 |  Baño | s', 'area': '65 |   | m²', 'location': 'Usaquen | Altos de Bella Suiza', 'details': [{'Tipo de Inmueble': 'Apartamento'}, {'Estado': 'Excelente estado'}, {'Baños': '3'}, {'Antigüedad': '9 a 15 años'}, {'Habitaciones': '2'}, {'Parqueaderos': '¡Pregúntale!'}, {'Cantidad de Ambientes': '2'}, {'Área Construida': '¡Pregúntale!'}, {'Área Privada': '63 m2'}, {'Estrato': '5'}, {'Administración': '$ 500.000'}, {'Piso N°': '6'}, {'Cantidad de Pisos': '1'}, {'Cantidad de pisos': '¡Pregúntale!'}, {'Acepta mascotas': '¡Pregúntale!'}, {'Contrato Mínimo': '¡Pregúntale!'}, {'Documentación requerida': '¡Pregúntale!'}]}",2025-10-28 18:06:23.446148+00:00
https://www.fincaraiz.com.co//oficina-en-arriendo-en-usaquen-bogota/10769713,"{'title': 'Oficina en arriendo en Usaquen, Bogotá', 'pricing': '$ 9.700.000', 'bedrooms': '1 |  Ambiente', 'bathrooms': '253.39 |   | m²', 'area': None, 'location': 'Cedro Golf', 'details': [{'Tipo de Inmueble': 'Oficina'}, {'Estado': '¡Pregúntale!'}, {'Baños': '¡Pregúntale!'}, {'Área Construida': '253,39 m2'}, {'Antigüedad': '¡Pregúntale!'}, {'Habitaciones': '1'}, {'Parqueaderos': '5'}, {'Área Privada': '253,39 m2'}, {'Estrato': '5'}, {'Administración': '$ 2.500.000'}, {'Piso N°': '¡Pregúntale!'}, {'Cantidad de pisos': '¡Pregúntale!'}, {'Acepta mascotas': '¡Pregúntale!'}, {'Contrato Mínimo': '¡Pregúntale!'}, {'Documentación requerida': '¡Pregúntale!'}]}",2025-10-28 18:06:23.556896+00:00
https://www.fincaraiz.com.co//local-en-arriendo-en-unicentro-bogota-bogota/192716572,"{'title': 'Local en Arriendo en Unicentro Bogotá, Bogotá', 'pricing': '$ 35.000.000', 'bedrooms': '0 |  Ambiente | s', 'bathrooms': '1 |  Baño', 'area': '73.79 |   | m²', 'location': 'Usaquen | Santa barbara central', 'details': [{'Tipo de Inmueble': 'Local'}, {'Estado': 'Usado'}, {'Baños': '1'}, {'Antigüedad': 'menor a 1 año'}, {'Habitaciones': '¡Pregúntale!'}, {'Parqueaderos': '1'}, {'Cantidad de Ambientes': '¡Pregúntale!'}, {'Área Construida': '73,79 m2'}, {'Área Privada': '73,79 m2'}, {'Estrato': '6'}, {'Administración': '$ 1.856.300'}, {'Piso N°': '¡Pregúntale!'}, {'Cantidad de Pisos': '1'}, {'Acepta mascotas': '¡Pregúntale!'}, {'Contrato Mínimo': '¡Pregúntale!'}, {'Documentación requerida': '¡Pregúntale!'}]}",2025-10-28 18:06:23.576629+00:00
https://www.fincaraiz.com.co//apartaestudio-en-arriendo-en-los-monjes-bogota/192937659,"{'title': 'Apartaestudio en Arriendo en Los monjes, Bogotá', 'pricing': '$ 1.336.000', 'bedrooms': '1 Hab.', 'bathrooms': '1 |  Baño', 'area': '29 |   | m²', 'location': 'Los monjes', 'details': [{'Tipo de Inmueble': 'Apartaestudio'}, {'Estado': 'Usado'}, {'Baños': '1'}, {'Antigüedad': 'menor a 1 año'}, {'Habitaciones': '1'}, {'Parqueaderos': '¡Pregúntale!'}, {'Cantidad de Ambientes': '1'}, {'Área Construida': '29 m2'}, {'Área Privada': '26 m2'}, {'Estrato': '3'}, {'Administración': '$ 164.000'}, {'Piso N°': '2'}, {'Cantidad de Pisos': '1'}, {'Acepta mascotas': '¡Pregúntale!'}, {'Contrato Mínimo': '¡Pregúntale!'}, {'Documentación requerida': '¡Pregúntale!'}]}",2025-10-28 18:06:23.746999+00:00
https://www.fincaraiz.com.co//local-en-arriendo-en-garces-navas-bogota/192750314,"{'title': 'Local en Arriendo en Garces navas, Bogotá', 'pricing': '$ 1.000.000', 'bedrooms': '0 |  Ambiente | s', 'bathrooms': '1 |  Baño', 'area': '25 |   | m²', 'location': 'Garces navas', 'details': [{'Tipo de Inmueble': 'Local'}, {'Estado': 'Usado'}, {'Baños': '1'}, {'Antigüedad': '16 a 30 años'}, {'Habitaciones': '¡Pregúntale!'}, {'Parqueaderos': '¡Pregúntale!'}, {'Cantidad de Ambientes': '¡Pregúntale!'}, {'Área Construida': '25 m2'}, {'Área Privada': '25 m2'}, {'Estrato': '3'}, {'Administración': '¡Pregúntale!'}, {'Piso N°': '¡Pregúntale!'}, {'Cantidad de Pisos': '1'}, {'Acepta mascotas': '¡Pregúntale!'}, {'Contrato Mínimo': '¡Pregúntale!'}, {'Documentación requerida': '¡Pregúntale!'}]}",2025-10-28 18:06:23.786360+00:00
https://www.fincaraiz.com.co//apartamento-en-arriendo-en-suba-bogota/191338745,"{'title': 'Apartamento en  Arriendo en Suba, Bogotá', 'pricing': '$ 1.550.000', 'bedrooms': '3 Habs.', 'bathrooms': '2 |  Baño | s', 'area': '60 |   | m²', 'location': 'Suba | La pradera de suba', 'details': [{'Tipo de Inmueble': 'Apartamento'}, {'Estado': 'Usado'}, {'Baños': '2'}, {'Antigüedad': '16 a 30 años'}, {'Habitaciones': '3'}, {'Parqueaderos': '¡Pregúntale!'}, {'Cantidad de Ambientes': '3'}, {'Área Construida': '60 m2'}, {'Área Privada': '60 m2'}, {'Estrato': '3'}, {'Administración': '¡Pregúntale!'}, {'Piso N°': '¡Pregúntale!'}, {'Cantidad de Pisos': '¡Pregúntale!'}, {'Acepta mascotas': '¡Pregúntale!'}, {'Contrato Mínimo': '¡Pregúntale!'}, {'Documentación requerida': '¡Pregúntale!'}]}",2025-10-28 18:06:23.912829+00:00
https://www.fincaraiz.com.co//apartaestudio-en-arriendo-en-la-felicidad-bogota/193003336,"{'title': 'Apartaestudio en Arriendo en La felicidad, Bogotá', 'pricing': '$ 1.600.000', 'bedrooms': '1 Hab.', 'bathrooms': '2 |  Baño | s', 'area': '35 |   | m²', 'location': 'Fontibon', 'details': [{'Tipo de Inmueble': 'Apartaestudio'}, {'Estado': 'Usado'}, {'Baños': '2'}, {'Antigüedad': '1 a 8 años'}, {'Habitaciones': '1'}, {'Parqueaderos': '¡Pregúntale!'}, {'Cantidad de Ambientes': '1'}, {'Área Construida': '¡Pregúntale!'}, {'Área Privada': '35 m2'}, {'Estrato': '4'}, {'Administración': '¡Pregúntale!'}, {'Piso N°': '¡Pregúntale!'}, {'Cantidad de Pisos': '1'}, {'Acepta mascotas': '¡Pregúntale!'}, {'Contrato Mínimo': '¡Pregúntale!'}, {'Documentación requerida': '¡Pregúntale!'}]}",2025-10-28 18:06:23.920536+00:00
https://www.fincaraiz.com.co//casa-en-arriendo-en-mazuren-bogota/193008754,"{'title': 'Casa en Arriendo en Mazuren, Bogotá', 'pricing': '$ 2.200.000', 'bedrooms': '3 Habs.', 'bathrooms': '2 |  Baño | s', 'area': '61 |   | m²', 'location': 'Suba | Mazuren', 'details': [{'Tipo de Inmueble': 'Casa'}, {'Estado': 'Usado'}, {'Baños': '2'}, {'Área Construida': '61 m2'}, {'Antigüedad': '16 a 30 años'}, {'Habitaciones': '3'}, {'Parqueaderos': '1'}, {'Área Privada': '¡Pregúntale!'}, {'Estrato': 'Sin Definir'}, {'Acepta mascotas': '¡Pregúntale!'}, {'Contrato Mínimo': '¡Pregúntale!'}, {'Documentación requerida': '¡Pregúntale!'}]}",2025-10-28 18:06:24.091534+00:00
https://www.fincaraiz.com.co//apartamento-en-arriendo-en-montevideo-bogota/192984346,"{'title': 'Apartamento en Arriendo en Montevideo, Bogotá', 'pricing': '$ 1.700.000', 'bedrooms': '2 Habs.', 'bathrooms': '1 |  Baño', 'area': '42 |   | m²', 'location': 'Montevideo', 'details': [{'Tipo de Inmueble': 'Apartamento'}, {'Estado': 'Usado'}, {'Baños': '1'}, {'Área Construida': '42 m2'}, {'Antigüedad': 'menor a 1 año'}, {'Habitaciones': '2'}, {'Parqueaderos': '¡Pregúntale!'}, {'Área Privada': '42 m2'}, {'Estrato': '3'}, {'Administración': '¡Pregúntale!'}, {'Piso N°': '¡Pregúntale!'}, {'Cantidad de pisos': '¡Pregúntale!'}, {'Acepta mascotas': '¡Pregúntale!'}, {'Contrato Mínimo': '¡Pregúntale!'}, {'Documentación requerida': '¡Pregúntale!'}]}",2025-10-28 18:06:24.180950+00:00
https://www.fincaraiz.com.co//apartamento-en-arriendo-en-los-rosales-bogota/192510798,"{'title': 'Apartamento en Arriendo en Los rosales, Bogotá', 'pricing': '$ 5.500.000', 'bedrooms': '2 Habs.', 'bathrooms': '2 |  Baño | s', 'area': '110 |   | m²', 'location': 'Chapinero | Bellavista', 'details': [{'Tipo de Inmueble': 'Apartamento'}, {'Estado': 'Usado'}, {'Baños': '2'}, {'Área Construida': '110 m2'}, {'Antigüedad': 'más de 30 años'}, {'Habitaciones': '2'}, {'Parqueaderos': '1'}, {'Área Privada': '110 m2'}, {'Estrato': '6'}, {'Administración': '¡Pregúntale!'}, {'Piso N°': '¡Pregúntale!'}, {'Cantidad de pisos': '¡Pregúntale!'}, {'Acepta mascotas': '¡Pregúntale!'}, {'Contrato Mínimo': '¡Pregúntale!'}, {'Documentación requerida': '¡Pregúntale!'}]}",2025-10-28 18:06:24.336718+00:00
https://www.fincaraiz.com.co//edificio-en-arriendo-en-bella-suiza-bogota/191284521,"{'title': 'Edificio en  Arriendo en Bella suiza, Bogotá', 'pricing': '$ 399.000.000', 'bedrooms': '7329 |   | m²', 'bathrooms': None, 'area': None, 'location': 'Usaquen | Altos de Bella Suiza', 'details': [{'Tipo de Inmueble': 'Edificio'}, {'Estado': 'Usado'}, {'Baños': '7'}, {'Antigüedad': '9 a 15 años'}, {'Habitaciones': '¡Pregúntale!'}, {'Parqueaderos': '¡Pregúntale!'}, {'Cantidad de Ambientes': '¡Pregúntale!'}, {'Área Construida': '¡Pregúntale!'}, {'Área Privada': '7.329 m2'}, {'M² de terraza': '¡Pregúntale!'}, {'Estrato': '5'}, {'Cantidad de pisos': '¡Pregúntale!'}, {'Acepta mascotas': '¡Pregúntale!'}, {'Contrato Mínimo': '¡Pregúntale!'}, {'Documentación requerida': '¡Pregúntale!'}]}",2025-10-28 18:06:24.684161+00:00
https://www.fincaraiz.com.co//apartamento-en-arriendo-en-chico-norte-bogota/192955782,"{'title': 'Apartamento en Arriendo en Chico norte, Bogotá', 'pricing': '$ 4.800.000', 'bedrooms': '1 Hab.', 'bathrooms': '2 |  Baño | s', 'area': '60 |   | m²', 'location': 'Chico norte', 'details': [{'Tipo de Inmueble': 'Apartamento'}, {'Estado': 'Usado'}, {'Baños': '2'}, {'Antigüedad': '9 a 15 años'}, {'Habitaciones': '1'}, {'Parqueaderos': '¡Pregúntale!'}, {'Cantidad de Ambientes': '¡Pregúntale!'}, {'Área Construida': '¡Pregúntale!'}, {'Área Privada': '60 m2'}, {'Estrato': '6'}, {'Administración': '¡Pregúntale!'}, {'Piso N°': '5'}, {'Cantidad de Pisos': '3'}, {'Cantidad de pisos': '¡Pregúntale!'}, {'Acepta mascotas': '¡Pregúntale!'}, {'Contrato Mínimo': '¡Pregúntale!'}, {'Documentación requerida': '¡Pregúntale!'}]}",2025-10-28 18:06:24.760474+00:00
https://www.fincaraiz.com.co//apartamento-en-arriendo-en-el-virrey-bogota/193027959,"{'title': 'Apartamento en Arriendo en El Virrey, Bogotá', 'pricing': '$ 7.000.000', 'bedrooms': '2 Habs.', 'bathrooms': '2 |  Baño | s', 'area': '85 |   | m²', 'location': 'El Virrey', 'details': [{'Tipo de Inmueble': 'Apartamento'}, {'Estado': 'Usado'}, {'Baños': '2'}, {'Antigüedad': '9 a 15 años'}, {'Habitaciones': '2'}, {'Parqueaderos': '2'}, {'Cantidad de Ambientes': '¡Pregúntale!'}, {'Área Construida': '85 m2'}, {'Área Privada': '¡Pregúntale!'}, {'Estrato': '5'}, {'Administración': '¡Pregúntale!'}, {'Piso N°': '¡Pregúntale!'}, {'Cantidad de Pisos': '1'}, {'Acepta mascotas': '¡Pregúntale!'}, {'Contrato Mínimo': '¡Pregúntale!'}, {'Documentación requerida': '¡Pregúntale!'}]}",2025-10-28 18:06:24.819479+00:00
https://www.fincaraiz.com.co//oficina-en-arriendo-en-ciudad-salitre-bogota/192839393,"{'title': 'Oficina en Arriendo en Ciudad salitre, Bogotá', 'pricing': '$ 64.068.750', 'bedrooms': '1 |  Ambiente', 'bathrooms': '1 |  Baño', 'area': '854.25 |   | m²', 'location': 'Ciudad Salitre Occidental', 'details': [{'Tipo de Inmueble': 'Oficina'}, {'Estado': 'Usado'}, {'Baños': '1'}, {'Antigüedad': '¡Pregúntale!'}, {'Habitaciones': '¡Pregúntale!'}, {'Parqueaderos': '22'}, {'Cantidad de Ambientes': '1'}, {'Área Construida': '854,25 m2'}, {'Área Privada': '854,25 m2'}, {'Estrato': '4'}, {'Administración': '$ 10.476.801'}, {'Piso N°': '¡Pregúntale!'}, {'Cantidad de Pisos': '1'}, {'Acepta mascotas': '¡Pregúntale!'}, {'Contrato Mínimo': '¡Pregúntale!'}, {'Documentación requerida': '¡Pregúntale!'}]}",2025-10-28 18:06:24.839003+00:00
https://www.fincaraiz.com.co//apartamento-en-arriendo-en-santa-barbara-bogota/192845705,"{'title': 'Apartamento en Arriendo en Santa Barbara, Bogotá', 'pricing': '$ 3.000.000', 'bedrooms': '1 Hab.', 'bathrooms': '2 |  Baño | s', 'area': '56 |   | m²', 'location': 'Usaquen | Santa barbara central', 'details': [{'Tipo de Inmueble': 'Apartamento'}, {'Estado': 'Usado'}, {'Baños': '2'}, {'Área Construida': '56 m2'}, {'Antigüedad': 'menor a 1 año'}, {'Habitaciones': '1'}, {'Parqueaderos': '1'}, {'Área Privada': '56 m2'}, {'Estrato': '6'}, {'Administración': '$ 400.000'}, {'Piso N°': '¡Pregúntale!'}, {'Cantidad de pisos': '¡Pregúntale!'}, {'Acepta mascotas': '¡Pregúntale!'}, {'Contrato Mínimo': '¡Pregúntale!'}, {'Documentación requerida': '¡Pregúntale!'}]}",2025-10-28 18:06:24.916062+00:00
https://www.fincaraiz.com.co//apartamento-en-arriendo-en-fontibon-bogota/192883985,"{'title': 'Apartamento en Arriendo en Fontibon, Bogotá', 'pricing': '$ 1.300.000', 'bedrooms': '2 Habs.', 'bathrooms': '2 |  Baño | s', 'area': '42 |   | m²', 'location': 'Fontibon', 'details': [{'Tipo de Inmueble': 'Apartamento'}, {'Estado': 'Usado'}, {'Baños': '2'}, {'Área Construida': '42 m2'}, {'Antigüedad': 'menor a 1 año'}, {'Habitaciones': '2'}, {'Parqueaderos': '¡Pregúntale!'}, {'Área Privada': '42 m2'}, {'Estrato': '3'}, {'Administración': '$ 100.000'}, {'Piso N°': '5'}, {'Cantidad de pisos': '¡Pregúntale!'}, {'Acepta mascotas': '¡Pregúntale!'}, {'Contrato Mínimo': '¡Pregúntale!'}, {'Documentación requerida': '¡Pregúntale!'}]}",2025-10-28 18:06:25.036189+00:00
https://www.fincaraiz.com.co//apartaestudio-en-arriendo-en-las-aguas-bogota/191974102,"{'title': 'Apartaestudio en  Arriendo en Las aguas, Bogotá', 'pricing': '$ 2.200.000', 'bedrooms': '1 Hab.', 'bathrooms': '1 |  Baño', 'area': '28 |   | m²', 'location': 'Santafe | Las aguas', 'details': [{'Tipo de Inmueble': 'Apartaestudio'}, {'Estado': 'Usado'}, {'Baños': '1'}, {'Área Construida': '28 m2'}, {'Antigüedad': '9 a 15 años'}, {'Habitaciones': '1'}, {'Parqueaderos': '¡Pregúntale!'}, {'Área Privada': '¡Pregúntale!'}, {'Estrato': '3'}, {'Administración': '¡Pregúntale!'}, {'Piso N°': '¡Pregúntale!'}, {'Cantidad de pisos': '¡Pregúntale!'}, {'Acepta mascotas': '¡Pregúntale!'}, {'Contrato Mínimo': '¡Pregúntale!'}, {'Documentación requerida': '¡Pregúntale!'}]}",2025-10-28 18:06:25.146184+00:00
https://www.fincaraiz.com.co//casa-en-arriendo-en-jorge-eliecer-gaitan-bogota/192069763,"{'title': 'Casa en  Arriendo en Jorge eliecer gaitan, Bogotá', 'pricing': '$ 7.000.000', 'bedrooms': '8 Habs.', 'bathrooms': '3 |  Baño | s', 'area': '340 |   | m²', 'location': 'Barrios unidos | Barrios Unidos', 'details': [{'Tipo de Inmueble': 'Casa'}, {'Estado': 'Usado'}, {'Baños': '3'}, {'Área Construida': '340 m2'}, {'Antigüedad': 'más de 30 años'}, {'Habitaciones': '8'}, {'Parqueaderos': '1'}, {'Área Privada': '340 m2'}, {'Estrato': '3'}, {'Acepta mascotas': '¡Pregúntale!'}, {'Contrato Mínimo': '¡Pregúntale!'}, {'Documentación requerida': '¡Pregúntale!'}]}",2025-10-28 18:06:25.244425+00:00
https://www.fincaraiz.com.co//apartamento-en-arriendo-en-chapinero-bogota/192932210,"{'title': 'Apartamento en Arriendo en Chapinero, Bogotá', 'pricing': '$ 1.100.000', 'bedrooms': '1 Hab.', 'bathrooms': '1 |  Baño', 'area': '21 |   | m²', 'location': 'Teusaquillo | Chapinero', 'details': [{'Tipo de Inmueble': 'Apartamento'}, {'Estado': 'Excelente estado'}, {'Baños': '1'}, {'Área Construida': '21 m2'}, {'Antigüedad': '1 a 8 años'}, {'Habitaciones': '1'}, {'Parqueaderos': '¡Pregúntale!'}, {'Área Privada': '21 m2'}, {'Estrato': '4'}, {'Administración': '$ 300.000'}, {'Piso N°': '6'}, {'Cantidad de pisos': '¡Pregúntale!'}, {'Acepta mascotas': '¡Pregúntale!'}, {'Contrato Mínimo': '¡Pregúntale!'}, {'Documentación requerida': '¡Pregúntale!'}]}",2025-10-28 18:06:25.256361+00:00
https://www.fincaraiz.com.co//oficina-en-arriendo-en-el-nogal-bogota/192567194,"{'title': 'Oficina en Arriendo en El nogal, Bogotá', 'pricing': '$ 10.000.000', 'bedrooms': '0 |  Ambiente | s', 'bathrooms': '3 |  Baño | s', 'area': '107 |   | m²', 'location': 'Chapinero | Chapinero', 'details': [{'Tipo de Inmueble': 'Oficina'}, {'Estado': 'Usado'}, {'Baños': '3'}, {'Área Construida': '107 m2'}, {'Antigüedad': '9 a 15 años'}, {'Habitaciones': '¡Pregúntale!'}, {'Parqueaderos': '2'}, {'Área Privada': '¡Pregúntale!'}, {'Estrato': '6'}, {'Administración': '$ 2.410.000'}, {'Piso N°': '¡Pregúntale!'}, {'Cantidad de pisos': '¡Pregúntale!'}, {'Acepta mascotas': '¡Pregúntale!'}, {'Contrato Mínimo': '¡Pregúntale!'}, {'Documentación requerida': '¡Pregúntale!'}]}",2025-10-28 18:06:25.275031+00:00
https://www.fincaraiz.com.co//apartamento-en-arriendo-en-emaus-bogota/192694930,"{'title': 'Apartamento en Arriendo en Emaus, Bogotá', 'pricing': '$ 14.000.000', 'bedrooms': '4 Habs.', 'bathrooms': '3 |  Baño | s', 'area': '288 |   | m²', 'location': 'Chapinero', 'details': [{'Tipo de Inmueble': 'Apartamento'}, {'Estado': 'Usado'}, {'Baños': '3'}, {'Área Construida': '288 m2'}, {'Antigüedad': 'más de 30 años'}, {'Habitaciones': '4'}, {'Parqueaderos': '4'}, {'Área Privada': '288 m2'}, {'Estrato': '6'}, {'Administración': '$ 1.900.000'}, {'Piso N°': '¡Pregúntale!'}, {'Cantidad de pisos': '¡Pregúntale!'}, {'Acepta mascotas': '¡Pregúntale!'}, {'Contrato Mínimo': '¡Pregúntale!'}, {'Documentación requerida': '¡Pregúntale!'}]}",2025-10-28 18:06:25.724295+00:00
